345.532	-644.94
345.749	-644.94
345.966	-644.94
346.184	-595.79
346.401	-675.66
346.618	98.47
346.836	43.18
347.053	-53.08
347.27	-157.52
347.487	-124.76
347.705	153.77
347.922	-124.76
348.139	71.85
348.356	80.04
348.574	-26.45
348.791	41.13
349.008	-1.88
349.225	-36.69
349.442	-8.02
349.659	10.41
349.877	-16.21
350.094	-20.31
350.311	219.3
350.528	159.91
350.745	24.75
350.962	28.84
351.179	4.27
351.396	65.71
351.613	-44.88
351.83	-94.04
352.047	16.55
352.264	-61.27
352.481	88.23
352.698	-3.93
352.915	-126.8
353.132	-89.94
353.349	-110.42
353.566	6.31
353.783	0.17
354	51.37
354.217	-204.63
354.433	303.27
354.65	84.14
354.867	-26.45
355.084	-114.52
355.301	168.1
355.518	71.85
355.735	121
355.951	-71.51
356.168	63.66
356.385	-22.36
356.602	-24.4
356.818	-32.6
357.035	92.33
357.252	194.73
357.469	-155.47
357.685	-159.57
357.902	-157.52
358.119	-48.98
358.335	-237.39
358.552	0.17
358.769	176.3
358.985	100.52
359.202	-190.29
359.419	225.45
359.635	82.09
359.852	-104.28
360.068	-22.36
360.285	100.52
360.501	178.34
360.718	215.21
360.934	104.62
361.151	-32.6
361.367	22.7
361.584	139.43
361.8	-75.6
362.017	-48.98
362.233	49.32
362.45	217.26
362.666	-98.13
362.883	108.71
363.099	32.94
363.315	92.33
363.532	53.42
363.748	22.7
363.965	-173.91
364.181	135.34
364.397	41.13
364.614	137.38
364.83	129.19
365.046	366.76
365.262	-73.56
365.479	311.46
365.695	268.45
365.911	243.88
366.128	-116.56
366.344	32.94
366.56	-59.22
366.776	22.7
366.992	98.47
367.209	262.31
367.425	20.65
367.641	22.7
367.857	-59.22
368.073	278.69
368.289	-91.99
368.505	57.51
368.722	49.32
368.938	34.99
369.154	-38.74
369.37	88.23
369.586	-83.8
369.802	-32.6
370.018	202.92
370.234	-34.64
370.45	-251.73
370.666	217.26
370.882	-212.82
371.098	73.9
371.314	-73.56
371.53	-139.09
371.746	-135
371.962	-34.64
372.178	-28.5
372.393	-67.41
372.609	-46.93
372.825	53.42
373.041	-75.6
373.257	-204.63
373.473	-73.56
373.689	125.1
373.904	-239.44
374.12	34.99
374.336	94.38
374.552	114.86
374.767	-83.8
374.983	-61.27
375.199	0.17
375.415	-63.32
375.63	-5.97
375.846	-180.05
376.062	114.86
376.278	-141.14
376.493	-5.97
376.709	-57.17
376.925	-73.56
377.14	59.56
377.356	-8.02
377.571	-157.52
377.787	299.17
378.003	94.38
378.218	-108.37
378.434	16.55
378.649	170.15
378.865	-171.86
379.08	14.51
379.296	37.03
379.511	102.57
379.727	194.73
379.942	51.37
380.158	47.27
380.373	20.65
380.589	4.27
380.804	-12.12
381.02	-65.36
381.235	147.62
381.45	51.37
381.666	-71.51
381.881	0.17
382.096	-126.8
382.312	-20.31
382.527	-167.76
382.742	6.31
382.958	-34.64
383.173	223.4
383.388	448.68
383.604	-28.5
383.819	8.36
384.034	-48.98
384.249	-184.15
384.465	-73.56
384.68	-59.22
384.895	-69.46
385.11	-85.84
385.325	-36.69
385.541	131.24
385.756	-12.12
385.971	73.9
386.186	-77.65
386.401	94.38
386.616	-87.89
386.831	-151.38
387.046	49.32
387.261	-32.6
387.477	145.58
387.692	-91.99
387.907	-102.23
388.122	110.76
388.337	84.14
388.552	-30.55
388.767	-274.26
388.982	-1.88
389.197	159.91
389.411	-14.17
389.626	41.13
389.841	-61.27
390.056	-132.95
390.271	-46.93
390.486	-96.08
390.701	-118.61
390.916	-40.79
391.131	-36.69
391.345	-184.15
391.56	-102.23
391.775	-55.12
391.99	-65.36
392.205	-132.95
392.42	-69.46
392.634	114.86
392.849	96.43
393.064	-67.41
393.279	61.61
393.493	-63.32
393.708	-137.04
393.923	-26.45
394.137	-12.12
394.352	102.57
394.567	-100.18
394.781	-57.17
394.996	-8.02
395.211	237.74
395.425	-118.61
395.64	-147.28
395.854	274.6
396.069	-8.02
396.284	-30.55
396.498	-149.33
396.713	-16.21
396.927	-28.5
397.142	-130.9
397.356	34.99
397.571	-38.74
397.785	28.84
398	293.03
398.214	-32.6
398.428	200.87
398.643	131.24
398.857	32.94
399.072	211.11
399.286	256.17
399.5	327.85
399.715	553.12
399.929	370.85
400.144	503.97
400.358	397.48
400.572	514.21
400.787	229.54
401.001	331.94
401.215	514.21
401.429	460.96
401.644	526.5
401.858	637.09
402.072	563.36
402.286	632.99
402.501	579.75
402.715	657.57
402.929	508.07
403.143	643.23
403.357	413.86
403.571	413.86
403.786	475.3
404	645.28
404.214	553.12
404.428	696.48
404.642	776.35
404.856	911.52
405.07	632.99
405.284	991.39
405.498	784.54
405.712	704.67
405.926	630.95
406.14	743.58
406.354	702.62
406.568	549.03
406.782	561.31
406.996	686.24
407.21	614.56
407.424	645.28
407.638	393.38
407.852	477.35
408.066	270.5
408.28	155.82
408.493	61.61
408.707	-188.24
408.921	-48.98
409.135	358.57
409.349	37.03
409.563	262.31
409.776	82.09
409.99	-44.88
410.204	145.58
410.418	235.69
410.631	47.27
410.845	188.58
411.059	49.32
411.273	178.34
411.486	159.91
411.7	-24.4
411.914	-63.32
412.127	174.25
412.341	129.19
412.555	20.65
412.768	84.14
412.982	37.03
413.195	129.19
413.409	106.67
413.623	88.23
413.836	116.9
414.05	88.23
414.263	73.9
414.477	-118.61
414.69	247.97
414.904	268.45
415.117	96.43
415.331	157.86
415.544	41.13
415.758	186.54
415.971	245.93
416.185	41.13
416.398	88.23
416.611	94.38
416.825	94.38
417.038	299.17
417.251	305.32
417.465	202.92
417.678	75.95
417.891	235.69
418.105	71.85
418.318	-10.07
418.531	211.11
418.745	8.36
418.958	2.22
419.171	307.37
419.384	270.5
419.598	241.83
419.811	250.02
420.024	262.31
420.237	256.17
420.45	157.86
420.664	172.2
420.877	204.97
421.09	333.99
421.303	262.31
421.516	661.66
421.729	307.37
421.942	159.91
422.155	329.89
422.368	286.89
422.582	235.69
422.795	186.54
423.008	258.21
423.221	352.42
423.434	264.36
423.647	293.03
423.86	254.12
424.073	366.76
424.286	401.57
424.498	571.55
424.711	348.33
424.924	340.13
425.137	415.91
425.35	458.92
425.563	415.91
425.776	460.96
425.989	499.88
426.202	258.21
426.414	639.14
426.627	573.6
426.84	546.98
427.053	546.98
427.266	526.5
427.478	356.52
427.691	665.76
427.904	635.04
428.117	649.38
428.329	630.95
428.542	655.52
428.755	800.93
428.967	575.65
429.18	819.36
429.393	1136.79
429.605	1308.82
429.818	2441.35
430.031	1478.8
430.243	2074.76
430.456	2756.74
430.668	3338.36
430.881	3557.49
431.094	3549.3
431.306	3954.8
431.519	4075.63
431.731	3975.28
431.944	4124.78
432.156	4087.92
432.369	4278.38
432.581	4601.96
432.794	4788.32
433.006	4335.72
433.218	4976.73
433.431	4679.78
433.643	4796.51
433.856	5056.61
434.068	4757.6
434.28	4896.86
434.493	4898.91
434.705	4937.82
434.918	5132.38
435.13	4946.02
435.342	5333.08
435.554	5281.88
435.767	5554.26
435.979	5531.73
436.191	5793.87
436.404	5800.02
436.616	5552.21
436.828	5775.44
437.04	5675.09
437.252	5521.49
437.465	5308.51
437.677	5443.67
437.889	5587.03
438.101	5126.24
438.313	4980.83
438.525	4909.15
438.737	4538.47
438.949	3760.24
439.162	2785.41
439.374	1816.72
439.586	1585.3
439.798	1151.13
440.01	1216.66
440.222	1319.06
440.434	1171.61
440.646	1185.94
440.858	940.19
441.07	1093.79
441.282	1147.03
441.494	1382.55
441.706	1159.32
441.918	1312.92
442.129	1171.61
442.341	1335.45
442.553	1110.17
442.765	1114.27
442.977	1259.67
443.189	1319.06
443.401	1308.82
443.612	1124.51
443.824	1099.93
444.036	1194.14
444.248	1216.66
444.46	1126.55
444.671	1087.64
444.883	1423.51
445.095	1251.48
445.307	1261.72
445.518	1355.93
445.73	1079.45
445.942	1226.9
446.153	1245.34
446.365	1106.07
446.577	1267.86
446.788	1685.65
447	1300.63
447.212	1274.01
447.423	1341.59
447.635	1228.95
447.846	1198.23
448.058	1099.93
448.269	1431.7
448.481	1411.22
448.692	1218.71
448.904	1296.53
449.115	1542.29
449.327	1085.59
449.538	1261.72
449.75	1046.68
449.961	1390.74
450.173	1384.6
450.384	1173.66
450.596	1063.07
450.807	1396.89
451.018	1335.45
451.23	1241.24
451.441	1327.25
451.652	1259.67
451.864	1349.78
452.075	1247.38
452.286	1073.31
452.498	1425.56
452.709	1122.46
452.92	1181.85
453.131	1185.94
453.343	1360.02
453.554	1239.19
453.765	1083.55
453.976	1278.1
454.187	1097.88
454.399	1120.41
454.61	1063.07
454.821	1161.37
455.032	1357.97
455.243	1269.91
455.454	1071.26
455.665	1081.5
455.877	1093.79
456.088	1349.78
456.299	968.86
456.51	1042.59
456.721	1128.6
456.932	1384.6
457.143	927.9
457.354	1032.35
457.565	1161.37
457.776	1245.34
457.987	1122.46
458.198	938.14
458.409	1196.18
458.62	845.98
458.83	1081.5
459.041	927.9
459.252	925.85
459.463	1013.92
459.674	891.04
459.885	1073.31
460.096	1034.39
460.306	850.08
460.517	1128.6
460.728	989.34
460.939	983.2
461.15	1036.44
461.36	1073.31
461.571	913.56
461.782	1142.94
461.993	1173.66
462.203	1073.31
462.414	866.46
462.625	946.33
462.835	942.24
463.046	1046.68
463.257	1069.21
463.467	991.39
463.678	1136.79
463.889	913.56
464.099	979.1
464.31	1120.41
464.52	1140.89
464.731	712.86
464.941	932
465.152	888.99
465.362	1325.21
465.573	891.04
465.783	940.19
465.994	1108.12
466.204	1095.83
466.415	991.39
466.625	780.45
466.836	1255.58
467.046	1040.54
467.257	985.24
467.467	807.07
467.677	1181.85
467.888	1085.59
468.098	1030.3
468.308	985.24
468.519	999.58
468.729	1136.79
468.939	958.62
469.15	800.93
469.36	1372.31
469.57	850.08
469.78	665.76
469.991	874.65
470.201	1249.43
470.411	999.58
470.621	858.27
470.831	811.17
471.042	1118.36
471.252	1065.11
471.462	1020.06
471.672	907.42
471.882	1091.74
472.092	1226.9
472.302	1147.03
472.512	710.82
472.723	1071.26
472.933	919.71
473.143	979.1
473.353	790.69
473.563	1106.07
473.773	936.09
473.983	862.37
474.193	884.89
474.403	876.7
474.613	1085.59
474.822	1050.78
475.032	862.37
475.242	1304.73
475.452	794.78
475.662	911.52
475.872	1101.98
476.082	1415.32
476.292	1091.74
476.502	1183.9
476.711	1114.27
476.921	1181.85
477.131	1116.31
477.341	1147.03
477.551	1321.11
477.76	1458.32
477.97	1507.48
478.18	1599.63
478.39	1560.72
478.599	2054.28
478.809	1892.49
479.019	1966.22
479.228	2218.12
479.438	2570.37
479.648	2660.48
479.857	2603.14
480.067	2877.57
480.276	3457.14
480.486	3571.83
480.696	3731.57
480.905	4008.05
481.115	4223.08
481.324	4755.55
481.534	4997.21
481.743	5079.13
481.953	5754.96
482.162	5875.79
482.372	6002.77
482.581	6201.42
482.791	7272.51
483	7069.76
483.21	7211.07
483.419	7424.06
483.628	7917.62
483.838	8120.37
484.047	8466.47
484.257	8822.82
484.466	9066.53
484.675	9240.61
484.885	9338.91
485.094	9721.88
485.303	10080.27
485.512	10338.32
485.722	10528.78
485.931	10645.51
486.14	10987.52
486.349	10840.07
486.559	11356.16
486.768	11663.35
486.977	11540.47
487.186	12036.08
487.395	11677.69
487.605	11988.98
487.814	12171.25
488.023	12134.39
488.232	12201.97
488.441	11902.97
488.65	12173.3
488.859	12224.5
489.068	11636.73
489.277	11765.75
489.486	11606.01
489.695	11380.73
489.904	11071.49
490.113	11542.52
490.322	10942.47
490.531	10928.13
490.74	10778.63
490.949	10416.14
491.158	10498.06
491.367	10686.47
491.576	10070.03
491.785	9928.72
491.994	9914.39
492.203	9572.38
492.412	9431.07
492.62	9306.14
492.829	9232.41
493.038	8738.85
493.247	8716.33
493.456	8452.14
493.664	8515.62
493.873	8114.22
494.082	7850.03
494.291	7839.8
494.499	7782.45
494.708	7901.23
494.917	7276.6
495.126	7178.3
495.334	7000.13
495.543	6916.16
495.751	6512.71
495.96	6496.33
496.169	6385.74
496.377	6375.5
496.586	5859.41
496.795	5398.62
497.003	5226.59
497.212	5261.4
497.42	5079.13
497.629	4798.56
497.837	5171.29
498.046	4563.05
498.254	4415.59
498.463	4128.88
498.671	4071.53
498.88	4184.17
499.088	3950.7
499.297	3668.08
499.505	3700.85
499.713	3620.98
499.922	3235.96
500.13	2908.29
500.338	3151.99
500.547	3018.88
500.755	2609.28
500.963	2392.2
501.172	2396.29
501.38	2322.57
501.588	1998.99
501.797	1912.97
502.005	1667.22
502.213	1904.78
502.421	1611.92
502.63	1581.2
502.838	1446.04
503.046	1501.33
503.254	1177.75
503.462	1269.91
503.67	1136.79
503.879	1222.81
504.087	1046.68
504.295	1069.21
504.503	1061.02
504.711	870.56
504.919	897.18
505.127	917.66
505.335	981.15
505.543	878.75
505.751	837.79
505.959	888.99
506.167	1085.59
506.375	1177.75
506.583	962.72
506.791	731.3
506.999	1003.68
507.207	882.85
507.415	827.55
507.623	686.24
507.831	888.99
508.039	731.3
508.246	704.67
508.454	802.97
508.662	1323.16
508.87	649.38
509.078	630.95
509.286	856.22
509.493	825.5
509.701	719.01
509.909	712.86
510.117	655.52
510.324	786.59
510.532	774.3
510.74	641.18
510.947	641.18
511.155	698.53
511.363	745.63
511.57	635.04
511.778	667.81
511.986	766.11
512.193	626.85
512.401	776.35
512.609	676
512.816	903.32
513.024	762.02
513.231	704.67
513.439	526.5
513.646	829.6
513.854	743.58
514.061	655.52
514.269	630.95
514.476	784.54
514.684	942.24
514.891	811.17
515.099	731.3
515.306	872.61
515.513	559.27
515.721	753.82
515.928	727.2
516.135	774.3
516.343	839.84
516.55	635.04
516.757	479.4
516.965	469.16
517.172	602.27
517.379	481.44
517.587	594.08
517.794	815.26
518.001	487.59
518.208	491.68
518.416	737.44
518.623	606.37
518.83	325.8
519.037	448.68
519.244	506.02
519.451	600.23
519.659	673.95
519.866	514.21
520.073	465.06
520.28	759.97
520.487	641.18
520.694	651.42
520.901	460.96
521.108	532.64
521.315	592.03
521.522	587.94
521.729	635.04
521.936	567.46
522.143	516.26
522.35	444.58
522.557	805.02
522.764	641.18
522.971	546.98
523.178	821.41
523.385	442.53
523.592	624.8
523.799	377
524.005	497.83
524.212	696.48
524.419	506.02
524.626	526.5
524.833	436.39
525.04	387.24
525.246	604.32
525.453	618.66
525.66	573.6
525.867	350.37
526.073	557.22
526.28	637.09
526.487	610.47
526.693	483.49
526.9	739.49
527.107	727.2
527.313	669.86
527.52	860.32
527.727	790.69
527.933	940.19
528.14	888.99
528.346	970.91
528.553	940.19
528.759	1407.13
528.966	968.86
529.173	1132.7
529.379	776.35
529.586	1323.16
529.792	1114.27
529.999	1044.63
530.205	1194.14
530.411	1218.71
530.618	1175.7
530.824	1400.98
531.031	1366.17
531.237	1583.25
531.443	1706.13
531.65	1499.28
531.856	1646.74
532.062	1933.45
532.269	1861.77
532.475	1906.83
532.681	2631.81
532.888	2680.96
533.094	2736.26
533.3	2996.35
533.506	3063.93
533.713	3428.47
533.919	3874.93
534.125	3827.82
534.331	4448.36
534.538	4630.63
534.744	5238.87
534.95	5627.99
535.156	6303.82
535.362	6705.22
535.568	7387.19
535.774	8167.47
535.98	9377.82
536.186	10620.94
536.393	11587.58
536.599	13338.59
536.805	14948.29
537.011	16539.57
537.217	18124.69
537.423	19963.77
537.629	21645.15
537.835	23971.64
538.04	25827.1
538.246	27432.71
538.452	29492.97
538.658	31551.18
538.864	32806.58
539.07	35307.15
539.276	37105.27
539.482	38694.49
539.688	40369.73
539.893	41676.33
540.099	44041.74
540.305	46706.15
540.511	48301.51
540.717	49624.5
540.922	51152.29
541.128	52315.53
541.334	52895.11
541.54	54519.15
541.745	54822.25
541.951	55579.99
542.157	55887.19
542.362	56837.45
542.568	57386.3
542.774	57419.07
542.979	57943.35
543.185	57984.31
543.39	58264.88
543.596	58576.17
543.802	58699.05
544.007	58066.23
544.213	57988.41
544.418	57912.63
544.624	57062.72
544.829	56530.25
545.035	55461.21
545.24	54117.74
545.446	52602.25
545.651	51328.41
545.857	49694.13
546.062	48205.26
546.267	46255.59
546.473	44647.94
546.678	43613.71
546.884	41125.43
547.089	39591.5
547.294	38280.8
547.5	36513.41
547.705	34928.28
547.91	32988.85
548.116	31522.51
548.321	30729.94
548.526	28792.56
548.731	26824.47
548.937	25028.4
549.142	22806.35
549.347	20963.18
549.552	19474.31
549.757	18567.06
549.963	17559.45
550.168	16682.92
550.373	15951.8
550.578	15237.06
550.783	15087.56
550.988	14663.63
551.193	14047.19
551.398	13494.24
551.603	12668.91
551.808	12230.64
552.013	12029.94
552.218	11304.96
552.424	10907.65
552.628	10291.21
552.833	9957.39
553.038	9037.86
553.243	8681.51
553.448	8470.57
553.653	7983.15
553.858	7512.12
554.063	7082.05
554.268	7106.62
554.473	6387.79
554.678	6117.45
554.883	5599.32
555.087	5417.05
555.292	4814.95
555.497	4319.34
555.702	4225.13
555.907	4057.2
556.111	3532.92
556.316	3293.3
556.521	3004.54
556.725	2773.12
556.93	2427.01
557.135	2250.89
557.34	2148.49
557.544	2181.26
557.749	1890.45
557.954	2064.52
558.158	1861.77
558.363	1683.6
558.567	1699.98
558.772	1540.24
558.977	1425.56
559.181	1233.05
559.386	1208.47
559.59	1341.59
559.795	1403.03
559.999	1243.29
560.204	1407.13
560.408	1112.22
560.613	1278.1
560.817	1157.27
561.021	913.56
561.226	1093.79
561.43	1085.59
561.635	981.15
561.839	985.24
562.043	1034.39
562.248	1245.34
562.452	1063.07
562.656	790.69
562.861	821.41
563.065	1011.87
563.269	1087.64
563.474	923.8
563.678	1966.22
563.882	1087.64
564.086	835.74
564.291	731.3
564.495	942.24
564.699	1089.69
564.903	868.51
565.107	770.21
565.311	706.72
565.516	1081.5
565.72	1020.06
565.924	899.23
566.128	938.14
566.332	739.49
566.536	825.5
566.74	774.3
566.944	784.54
567.148	860.32
567.352	774.3
567.556	655.52
567.76	841.89
567.964	948.38
568.168	882.85
568.372	755.87
568.576	1089.69
568.78	989.34
568.984	1104.03
569.188	819.36
569.392	790.69
569.595	1173.66
569.799	1048.73
570.003	872.61
570.207	1026.2
570.411	882.85
570.615	987.29
570.818	1159.32
571.022	964.76
571.226	1384.6
571.43	1714.32
571.633	1734.8
571.837	1708.18
572.041	1716.37
572.244	1882.25
572.448	1872.01
572.652	2039.95
572.855	2457.73
573.059	2422.92
573.263	2386.05
573.466	2910.33
573.67	2959.49
573.873	3190.91
574.077	3006.59
574.28	3364.98
574.484	3717.23
574.687	3846.26
574.891	4173.93
575.094	4278.38
575.298	4794.47
575.501	5187.68
575.705	5421.14
575.908	5668.95
576.112	5458.01
576.315	6203.47
576.518	6119.5
576.722	6580.29
576.925	6725.7
577.129	7323.71
577.332	7604.28
577.535	7845.94
577.739	8368.17
577.942	8675.37
578.145	8851.49
578.348	9431.07
578.552	9947.15
578.755	10473.48
578.958	10921.99
579.161	10362.89
579.365	10766.34
579.568	11141.12
579.771	11143.17
579.974	11829.24
580.177	11657.21
580.38	11935.73
580.583	12314.61
580.787	12314.61
580.99	12634.09
581.193	13553.63
581.396	13559.77
581.599	14055.38
581.802	14522.32
582.005	14755.79
582.208	15165.38
582.411	15105.99
582.614	15615.93
582.817	15689.66
583.02	16089.01
583.223	16007.09
583.426	16011.19
583.629	15695.8
583.831	16328.63
584.034	15939.51
584.237	16480.18
584.44	16519.09
584.643	16392.11
584.846	16521.13
585.049	17078.18
585.251	16310.19
585.454	16371.63
585.657	16367.54
585.86	16240.56
586.062	16203.7
586.265	16082.87
586.468	15822.78
586.671	15685.56
586.873	15785.91
587.076	15753.15
587.279	15284.16
587.481	15617.98
587.684	15744.95
587.886	14962.63
588.089	14983.11
588.292	15343.55
588.494	15308.74
588.697	15075.27
588.899	15290.31
589.102	14940.1
589.304	14833.61
589.507	14438.35
589.709	14172.11
589.912	13682.65
590.114	13379.55
590.317	12982.24
590.519	12548.08
590.722	12060.66
590.924	11536.38
591.126	11053.06
591.329	11061.25
591.531	10577.93
591.734	10162.19
591.936	10094.61
592.138	9709.59
592.341	9535.51
592.543	9300
592.745	9232.41
592.947	9211.93
593.15	9000.99
593.352	8908.83
593.554	8917.03
593.756	8792.1
593.959	8732.71
594.161	9000.99
594.363	8761.38
594.565	8740.9
594.767	8409.13
594.969	8667.17
595.171	8126.51
595.374	8161.33
595.576	8140.85
595.778	7823.41
595.98	7092.29
596.182	7342.14
596.384	6789.19
596.586	6645.83
596.788	6285.39
596.99	6516.81
597.192	6133.84
597.394	5900.37
597.596	5642.32
597.798	5730.39
598	5699.67
598.202	5881.94
598.403	5728.34
598.605	5695.57
598.807	5441.62
599.009	5517.4
599.211	5267.55
599.413	4999.26
599.615	5447.77
599.816	5484.63
600.018	5220.44
600.22	5204.06
600.422	5052.51
600.623	5210.2
600.825	4851.81
601.027	5056.61
601.228	5462.1
601.43	5453.91
601.632	5109.85
601.833	4874.34
602.035	5124.19
602.237	5019.74
602.438	4952.16
602.64	4669.54
602.842	4841.57
603.043	4765.79
603.245	5042.27
603.446	5126.24
603.648	5183.58
603.849	5476.44
604.051	5638.23
604.252	6641.73
604.454	6942.78
604.655	8167.47
604.857	9304.09
605.058	11425.79
605.259	14313.42
605.461	16820.14
605.662	19713.92
605.864	22374.23
606.065	24434.49
606.266	26578.71
606.468	28690.16
606.669	30072.54
606.87	31999.68
607.072	33273.52
607.273	35210.9
607.474	36548.22
607.675	38461.02
607.877	40013.38
608.078	40803.9
608.279	42022.44
608.48	43683.34
608.681	44480
608.883	45401.59
609.084	46962.14
609.285	47633.88
609.486	47932.88
609.687	48731.59
609.888	49632.69
610.089	50230.7
610.29	50468.26
610.491	50818.47
610.692	51393.95
610.893	51443.1
611.094	52028.82
611.295	52379.02
611.496	52309.39
611.697	52972.93
611.898	52657.54
612.099	52725.13
612.3	52381.07
612.501	52094.35
612.702	51785.11
612.903	51617.18
613.104	50673.06
613.305	50107.82
613.505	49053.12
613.706	47062.49
613.907	44365.32
614.108	41913.9
614.309	38979.16
614.509	35501.71
614.71	32636.6
614.911	30426.84
615.112	28247.8
615.312	26330.9
615.513	24665.91
615.714	23273.29
615.914	22136.66
616.115	20809.58
616.316	20025.21
616.516	19253.12
616.717	18497.42
616.918	17383.33
617.118	16668.59
617.319	16011.19
617.519	15728.57
617.72	14933.96
617.92	14256.08
618.121	14182.35
618.321	13424.61
618.522	12926.95
618.722	12867.56
618.923	12572.65
619.123	12337.13
619.324	12199.92
619.524	11874.29
619.724	11991.03
619.925	11476.99
620.125	11446.27
620.326	11388.92
620.526	11186.18
620.726	11104.26
620.927	10903.56
621.127	10983.43
621.327	10633.22
621.527	10885.12
621.728	11061.25
621.928	10782.73
622.128	10493.96
622.328	10407.95
622.529	10436.62
622.729	10016.79
622.929	10240.01
623.129	9744.41
623.329	9742.36
623.529	9535.51
623.73	9177.12
623.93	9357.34
624.13	9113.63
624.33	9089.06
624.53	9070.62
624.73	9138.21
624.93	9168.93
625.13	9160.73
625.33	9455.64
625.53	9406.49
625.73	9426.97
625.93	9910.29
626.13	9437.21
626.33	9703.45
626.53	9574.42
626.73	9355.29
626.929	9224.22
627.129	9390.11
627.329	9173.02
627.529	9256.99
627.729	8953.89
627.929	8949.79
628.128	8742.95
628.328	8790.05
628.528	8568.87
628.728	8806.44
628.928	8243.24
629.127	8417.32
629.327	8206.38
629.527	8351.79
629.726	8060.98
629.926	7688.25
630.126	7845.94
630.325	7868.47
630.525	7657.53
630.725	7346.23
630.924	7125.05
631.124	7190.59
631.323	7084.09
631.523	6766.66
631.722	6914.11
631.922	6338.63
632.122	6455.37
632.321	6086.73
632.521	6219.85
632.72	6078.54
632.919	5630.04
633.119	5384.28
633.318	5331.03
633.518	5050.46
633.717	4468.84
633.917	4323.43
634.116	3623.03
634.315	3295.35
634.515	3002.49
634.714	2613.38
634.913	2603.14
635.113	2197.64
635.312	2164.87
635.511	1839.25
635.71	1984.65
635.91	2144.39
636.109	1630.35
636.308	1534.1
636.507	1601.68
636.706	1536.15
636.906	1441.94
637.105	1355.93
637.304	1620.11
637.503	1204.38
637.702	1353.88
637.901	1534.1
638.1	1368.21
638.299	1190.04
638.499	1249.43
638.698	1323.16
638.897	1327.25
639.096	1433.75
639.295	1278.1
639.494	1044.63
639.693	1415.32
639.892	1310.87
640.09	1400.98
640.289	1261.72
640.488	1284.25
640.687	1218.71
640.886	1200.28
641.085	1237.14
641.284	1464.47
641.483	1448.08
641.682	1259.67
641.88	1159.32
642.079	1296.53
642.278	1304.73
642.477	1323.16
642.675	1071.26
642.874	1286.3
643.073	1276.06
643.272	1212.57
643.47	1435.8
643.669	1398.93
643.868	1622.16
644.066	1507.48
644.265	1560.72
644.464	1788.05
644.662	1601.68
644.861	1704.08
645.059	2486.4
645.258	1730.7
645.457	2113.67
645.655	2015.37
645.854	2001.04
646.052	2011.28
646.251	2334.86
646.449	2123.91
646.648	2050.19
646.846	2310.28
647.044	2341
647.243	2293.9
647.441	2160.78
647.64	1947.79
647.838	2437.25
648.036	2590.85
648.235	2197.64
648.433	2322.57
648.631	2330.76
648.83	2160.78
649.028	2418.82
649.226	2203.79
649.425	2373.77
649.623	2490.5
649.821	2336.9
650.019	2381.96
650.218	2396.29
650.416	2384.01
650.614	2285.7
650.812	2576.52
651.01	2232.46
651.208	2152.59
651.406	2226.31
651.605	2345.09
651.803	2236.55
652.001	2132.11
652.199	2308.23
652.397	2234.5
652.595	2291.85
652.793	2265.22
652.991	2029.71
653.189	1953.93
653.387	1855.63
653.585	1857.68
653.783	1607.83
653.981	1652.88
654.179	1659.03
654.377	1419.41
654.574	1650.83
654.772	1331.35
654.97	1306.77
655.168	1431.7
655.366	1251.48
655.564	1341.59
655.761	1231
655.959	1020.06
656.157	1089.69
656.355	1114.27
656.553	1407.13
656.75	1015.96
656.948	1269.91
657.146	1245.34
657.343	1282.2
657.541	1300.63
657.739	1114.27
657.936	1245.34
658.134	1177.75
658.332	1220.76
658.529	1142.94
658.727	1214.62
658.924	1267.86
659.122	1413.27
659.319	1167.51
659.517	1476.76
659.714	1101.98
659.912	1376.41
660.109	1345.69
660.307	1341.59
660.504	1728.66
660.702	1806.48
660.899	1345.69
661.097	1355.93
661.294	1448.08
661.491	1419.41
661.689	1290.39
661.886	1357.97
662.083	1443.99
662.281	1589.39
662.478	1317.01
662.675	1245.34
662.873	1714.32
663.07	1595.54
663.267	1499.28
663.464	1525.91
663.662	1405.08
663.859	1433.75
664.056	1400.98
664.253	1886.35
664.45	1802.38
664.647	1411.22
664.845	1458.32
665.042	1468.56
665.239	1687.7
665.436	1339.54
665.633	1353.88
665.83	1231
666.027	1448.08
666.224	1417.37
666.421	1085.59
666.618	1112.22
666.815	866.46
667.012	1235.1
667.209	1067.16
667.406	1243.29
667.603	1167.51
667.8	833.69
667.997	882.85
668.194	1239.19
668.39	962.72
668.587	1032.35
668.784	1026.2
668.981	1265.82
669.178	1073.31
669.375	1071.26
669.571	1032.35
669.768	1050.78
669.965	907.42
670.162	786.59
670.358	721.06
670.555	1097.88
670.752	1044.63
670.948	1036.44
671.145	798.88
671.342	940.19
671.538	921.76
671.735	893.09
671.932	1048.73
672.128	1050.78
672.325	942.24
672.521	825.5
672.718	710.82
672.914	819.36
673.111	776.35
673.307	1022.11
673.504	1009.82
673.7	768.16
673.897	999.58
674.093	977.05
674.29	874.65
674.486	792.73
674.682	919.71
674.879	786.59
675.075	907.42
675.272	917.66
675.468	901.28
675.664	874.65
675.861	841.89
676.057	909.47
676.253	985.24
676.449	835.74
676.646	817.31
676.842	1210.52
677.038	917.66
677.234	909.47
677.43	792.73
677.627	1106.07
677.823	1085.59
678.019	1018.01
678.215	807.07
678.411	1044.63
678.607	995.48
678.803	909.47
678.999	831.65
679.196	1108.12
679.392	1093.79
679.588	843.93
679.784	794.78
679.98	1007.77
680.176	1044.63
680.372	843.93
680.568	891.04
680.763	1030.3
680.959	936.09
681.155	1005.72
681.351	934.04
681.547	1171.61
681.743	1421.46
681.939	1333.4
682.135	1081.5
682.33	1038.49
682.526	1274.01
682.722	1161.37
682.918	1216.66
683.114	1372.31
683.309	1196.18
683.505	1360.02
683.701	1181.85
683.897	1538.2
684.092	1673.36
684.288	1480.85
684.484	1374.36
684.679	1269.91
684.875	1419.41
685.07	1323.16
685.266	1400.98
685.462	1325.21
685.657	1534.1
685.853	1286.3
686.048	1147.03
686.244	1439.89
686.439	1306.77
686.635	1306.77
686.83	1222.81
687.026	1333.4
687.221	1173.66
687.417	1310.87
687.612	1218.71
687.807	1327.25
688.003	1339.54
688.198	1362.07
688.394	1616.02
688.589	1724.56
688.784	1697.94
688.98	1611.92
689.175	1577.11
689.37	1630.35
689.565	1757.33
689.761	1538.2
689.956	1732.75
690.151	1622.16
690.346	1679.51
690.542	1450.13
690.737	1163.42
690.932	1187.99
691.127	1165.46
691.322	1216.66
691.517	1126.55
691.713	1294.49
691.908	1341.59
692.103	905.37
692.298	854.17
692.493	1274.01
692.688	1140.89
692.883	1089.69
693.078	1065.11
693.273	991.39
693.468	1171.61
693.663	1030.3
693.858	888.99
694.053	1249.43
694.248	1200.28
694.443	831.65
694.637	977.05
694.832	1058.97
695.027	946.33
695.222	749.73
695.417	786.59
695.612	942.24
695.806	977.05
696.001	909.47
696.196	1122.46
696.391	753.82
696.585	694.43
696.78	669.86
696.975	794.78
697.17	762.02
697.364	430.24
697.559	442.53
697.754	463.01
697.948	884.89
698.143	757.92
698.337	538.79
698.532	565.41
698.727	639.14
698.921	673.95
699.116	594.08
699.31	729.25
699.505	669.86
699.699	905.37
699.894	733.34
700.088	932
700.283	968.86
700.477	1118.36
700.671	1216.66
700.866	1294.49
701.06	1730.7
701.255	1829.01
701.449	2113.67
701.643	2263.18
701.838	2371.72
702.032	2717.83
702.226	2744.45
702.421	2949.25
702.615	2818.18
702.809	3407.99
703.003	3594.36
703.198	3659.89
703.392	4526.18
703.586	4348.01
703.78	4800.61
703.974	4763.75
704.169	5124.19
704.363	5056.61
704.557	5361.75
704.751	5367.9
704.945	5558.36
705.139	5890.13
705.333	5802.07
705.527	5576.79
705.721	6215.76
705.915	6529.1
706.109	6723.65
706.303	6592.58
706.497	6946.88
706.691	7264.32
706.885	7522.36
707.079	7733.3
707.273	7577.66
707.467	7893.04
707.661	7827.51
707.855	8200.24
708.048	8228.91
708.242	8013.87
708.436	8179.76
708.63	8099.89
708.824	8595.5
709.018	8263.72
709.211	8212.53
709.405	7807.03
709.599	7897.14
709.792	7290.94
709.986	7200.83
710.18	7168.06
710.374	7360.57
710.567	6637.64
710.761	6676.55
710.954	6619.21
711.148	6467.66
711.342	6133.84
711.535	5967.95
711.729	5615.7
711.922	5501.01
712.116	5036.13
712.309	4632.68
712.503	4300.91
712.696	4366.44
712.89	4022.38
713.083	4157.55
713.277	3999.85
713.47	3571.83
713.664	3721.33
713.857	3367.03
714.05	3377.27
714.244	3391.61
714.437	3295.35
714.631	3018.88
714.824	2621.57
715.017	2545.8
715.21	2277.51
715.404	1992.84
715.597	1894.54
715.79	1251.48
715.984	1519.76
716.177	1071.26
716.37	1054.87
716.563	772.25
716.756	809.12
716.949	745.63
717.143	733.34
717.336	600.23
717.529	379.04
717.722	356.52
717.915	415.91
718.108	635.04
718.301	532.64
718.494	536.74
718.687	415.91
718.88	354.47
719.073	426.15
719.266	309.41
719.459	444.58
719.652	344.23
719.845	751.78
720.038	428.2
720.231	354.47
720.424	610.47
720.617	524.45
720.809	424.1
721.002	196.78
721.195	436.39
721.388	622.75
721.581	237.74
721.774	377
721.966	440.48
722.159	596.13
722.352	442.53
722.544	565.41
722.737	245.93
722.93	751.78
723.123	297.13
723.315	223.4
723.508	420
723.701	284.84
723.893	506.02
724.086	350.37
724.278	514.21
724.471	647.33
724.663	317.61
724.856	299.17
725.048	315.56
725.241	645.28
725.433	403.62
725.626	473.25
725.818	372.9
726.011	336.04
726.203	180.39
726.396	309.41
726.588	600.23
726.78	204.97
726.973	155.82
727.165	465.06
727.358	540.83
727.55	323.75
727.742	338.09
727.934	319.65
728.127	397.48
728.319	551.07
728.511	348.33
728.704	391.33
728.896	463.01
729.088	368.81
729.28	528.55
729.472	485.54
729.664	360.61
729.857	485.54
730.049	510.11
730.241	530.59
730.433	532.64
730.625	399.52
730.817	356.52
731.009	196.78
731.201	628.9
731.393	514.21
731.585	178.34
731.777	325.8
731.969	432.29
732.161	448.68
732.353	374.95
732.545	346.28
732.737	360.61
732.929	262.31
733.121	299.17
733.313	127.14
733.504	430.24
733.696	190.63
733.888	217.26
734.08	295.08
734.272	299.17
734.463	284.84
734.655	278.69
734.847	157.86
735.039	374.95
735.23	139.43
735.422	127.14
735.614	227.5
735.805	538.79
735.997	180.39
736.189	317.61
736.38	360.61
736.572	401.57
736.764	280.74
736.955	209.06
737.147	192.68
737.338	463.01
737.53	499.88
737.721	409.76
737.913	336.04
738.104	420
738.296	387.24
738.487	241.83
738.679	350.37
738.87	542.88
739.061	274.6
739.253	542.88
739.444	323.75
739.636	456.87
739.827	487.59
740.018	225.45
740.21	481.44
740.401	643.23
740.592	307.37
740.783	280.74
740.975	346.28
741.166	342.18
741.357	372.9
741.548	503.97
741.74	321.7
741.931	549.03
742.122	555.17
742.313	524.45
742.504	424.1
742.695	565.41
742.886	534.69
743.077	501.92
743.269	424.1
743.46	487.59
743.651	604.32
743.842	587.94
744.033	331.94
744.224	499.88
744.415	471.2
744.606	491.68
744.797	458.92
744.987	489.64
745.178	485.54
745.369	440.48
745.56	295.08
745.751	540.83
745.942	395.43
746.133	518.31
746.324	374.95
746.514	211.11
746.705	299.17
746.896	352.42
747.087	102.57
747.277	178.34
747.468	161.96
747.659	338.09
747.85	389.28
748.04	401.57
748.231	377
748.422	325.8
748.612	532.64
748.803	393.38
748.993	336.04
749.184	454.82
749.375	370.85
749.565	301.22
749.756	190.63
749.946	243.88
750.137	176.3
750.327	235.69
750.518	135.34
750.708	159.91
750.899	196.78
751.089	325.8
751.279	282.79
751.47	182.44
751.66	51.37
751.851	209.06
752.041	204.97
752.231	237.74
752.422	325.8
752.612	532.64
752.802	495.78
752.993	325.8
753.183	110.76
753.373	493.73
753.563	657.57
753.754	469.16
753.944	305.32
754.134	628.9
754.324	759.97
754.514	870.56
754.704	1083.55
754.895	786.59
755.085	911.52
755.275	1112.22
755.465	1130.65
755.655	1048.73
755.845	1398.93
756.035	1208.47
756.225	1165.46
756.415	1083.55
756.605	1222.81
756.795	1220.76
756.985	1353.88
757.175	1427.6
757.365	1548.44
757.555	1501.33
757.745	1310.87
757.934	1761.42
758.124	1646.74
758.314	1357.97
758.504	1570.96
758.694	1747.09
758.884	1480.85
759.073	1501.33
759.263	1613.97
759.453	1511.57
759.643	1630.35
759.832	1491.09
760.022	1523.86
760.212	1794.19
760.401	1704.08
760.591	1413.27
760.781	1583.25
760.97	1638.55
761.16	1861.77
761.35	1460.37
761.539	1325.21
761.729	1468.56
761.918	1470.61
762.108	1310.87
762.297	1292.44
762.487	1362.07
762.676	1345.69
762.866	1243.29
763.055	917.66
763.245	938.14
763.434	575.65
763.624	661.66
763.813	600.23
764.002	688.29
764.192	637.09
764.381	614.56
764.57	477.35
764.76	485.54
764.949	403.62
765.138	442.53
765.328	364.71
765.517	694.43
765.706	409.76
765.895	278.69
766.085	288.93
766.274	405.67
766.463	327.85
766.652	397.48
766.841	442.53
767.03	460.96
767.219	456.87
767.409	262.31
767.598	331.94
767.787	538.79
767.976	420
768.165	297.13
768.354	440.48
768.543	501.92
768.732	1333.4
768.921	420
769.11	370.85
769.299	506.02
769.488	592.03
769.677	506.02
769.865	282.79
770.054	366.76
770.243	409.76
770.432	559.27
770.621	174.25
770.81	460.96
770.998	364.71
771.187	434.34
771.376	196.78
771.565	657.57
771.754	153.77
771.942	262.31
772.131	366.76
772.32	354.47
772.508	112.81
772.697	442.53
772.886	127.14
773.074	223.4
773.263	878.75
773.451	368.81
773.64	118.95
773.829	321.7
774.017	90.28
774.206	233.64
774.394	194.73
774.583	438.44
774.771	243.88
774.96	127.14
775.148	12.46
775.337	164.01
775.525	458.92
775.713	276.65
775.902	43.18
776.09	233.64
776.279	61.61
776.467	20.65
776.655	77.99
776.844	340.13
777.032	159.91
777.22	506.02
777.408	135.34
777.597	336.04
777.785	8.36
777.973	-10.07
778.161	22.7
778.35	164.01
778.538	155.82
778.726	176.3
778.914	106.67
779.102	469.16
779.29	108.71
779.478	84.14
779.666	-108.37
779.854	417.96
780.043	30.89
780.231	256.17
780.419	151.72
780.607	186.54
780.795	133.29
780.983	303.27
781.17	174.25
781.358	450.72
781.546	297.13
781.734	272.55
781.922	217.26
782.11	102.57
782.298	327.85
782.486	88.23
782.674	227.5
782.861	280.74
783.049	77.99
783.237	325.8
783.425	233.64
783.612	159.91
783.8	118.95
783.988	204.97
784.176	172.2
784.363	202.92
784.551	209.06
784.739	299.17
784.926	209.06
785.114	260.26
785.301	299.17
785.489	225.45
785.677	266.41
785.864	358.57
786.052	278.69
786.239	295.08
786.427	254.12
786.614	231.59
786.802	161.96
786.989	184.49
787.177	274.6
787.364	311.46
787.551	325.8
787.739	397.48
787.926	186.54
788.114	233.64
788.301	34.99
788.488	-32.6
788.676	98.47
788.863	196.78
789.05	190.63
789.238	69.8
789.425	98.47
789.612	321.7
789.799	301.22
789.986	16.55
790.174	100.52
790.361	98.47
790.548	215.21
790.735	92.33
790.922	71.85
791.109	309.41
791.296	600.23
791.484	241.83
791.671	141.48
791.858	252.07
792.045	207.02
792.232	170.15
792.419	227.5
792.606	237.74
792.793	442.53
792.98	104.62
793.167	49.32
793.353	358.57
793.54	307.37
793.727	221.35
793.914	34.99
794.101	129.19
794.288	55.47
794.475	6.31
794.662	121
794.848	4.27
795.035	164.01
795.222	141.48
795.409	118.95
795.595	-1.88
795.782	-22.36
795.969	245.93
796.155	127.14
796.342	276.65
796.529	307.37
796.715	446.63
796.902	176.3
797.089	503.97
797.275	125.1
797.462	463.01
797.648	-98.13
797.835	104.62
798.021	114.86
798.208	219.3
798.394	112.81
798.581	143.53
798.767	176.3
798.954	241.83
799.14	-16.21
799.327	108.71
799.513	366.76
799.699	164.01
799.886	161.96
800.072	157.86
800.258	215.21
800.445	239.78
800.631	192.68
800.817	75.95
801.004	176.3
801.19	86.19
801.376	43.18
801.562	350.37
801.749	430.24
801.935	159.91
802.121	235.69
802.307	121
802.493	489.64
802.679	311.46
802.866	104.62
803.052	245.93
803.238	82.09
803.424	331.94
803.61	329.89
803.796	190.63
803.982	413.86
804.168	129.19
804.354	297.13
804.54	356.52
804.726	577.7
804.912	432.29
805.098	450.72
805.283	819.36
805.469	1042.59
805.655	1147.03
805.841	1329.3
806.027	1431.7
806.213	1663.12
806.399	1564.82
806.584	1554.58
806.77	1917.07
806.956	1829.01
807.142	1990.8
807.327	1933.45
807.513	2052.24
807.699	1841.29
807.884	1892.49
808.07	1904.78
808.256	2015.37
808.441	1882.25
808.627	2080.91
808.813	2011.28
808.998	2158.73
809.184	2244.74
809.369	2297.99
809.555	2289.8
809.74	2224.26
809.926	2455.69
810.111	2181.26
810.297	2091.15
810.482	2447.49
810.668	2218.12
810.853	2441.35
811.039	2246.79
811.224	2238.6
811.409	2431.11
811.595	2173.07
811.78	2597
811.965	2580.61
812.151	2488.45
812.336	2234.5
812.521	2183.31
812.706	2394.25
812.892	2273.42
813.077	2295.94
813.262	2211.98
813.447	2293.9
813.633	2310.28
813.818	2042
814.003	1669.27
814.188	1644.69
814.373	1321.11
814.558	1413.27
814.743	1081.5
814.928	794.78
815.113	923.8
815.298	690.34
815.483	555.17
815.668	647.33
815.853	850.08
816.038	354.47
816.223	284.84
816.408	741.54
816.593	415.91
816.778	438.44
816.963	450.72
817.148	483.49
817.333	276.65
817.518	563.36
817.702	514.21
817.887	407.72
818.072	516.26
818.257	579.75
818.442	526.5
818.626	598.18
818.811	557.22
818.996	616.61
819.18	510.11
819.365	465.06
819.55	626.85
819.734	356.52
819.919	620.71
820.104	522.4
820.288	557.22
820.473	606.37
820.657	483.49
820.842	485.54
821.026	704.67
821.211	524.45
821.396	514.21
821.58	501.92
821.764	637.09
821.949	526.5
822.133	551.07
822.318	839.84
822.502	540.83
822.687	463.01
822.871	430.24
823.055	432.29
823.24	233.64
823.424	366.76
823.608	377
823.793	565.41
823.977	635.04
824.161	499.88
824.345	497.83
824.53	680.1
824.714	811.17
824.898	704.67
825.082	635.04
825.266	657.57
825.45	618.66
825.635	921.76
825.819	682.14
826.003	680.1
826.187	714.91
826.371	915.61
826.555	655.52
826.739	604.32
826.923	702.62
827.107	719.01
827.291	985.24
827.475	837.79
827.659	1007.77
827.843	786.59
828.027	598.18
828.211	995.48
828.395	860.32
828.578	864.41
828.762	776.35
828.946	1001.63
829.13	866.46
829.314	678.05
829.498	878.75
829.681	704.67
829.865	950.43
830.049	698.53
830.233	895.13
830.416	567.46
830.6	792.73
830.784	737.44
830.967	792.73
831.151	811.17
831.335	673.95
831.518	649.38
831.702	571.55
831.885	737.44
832.069	555.17
832.252	671.9
832.436	557.22
832.619	626.85
832.803	557.22
832.986	340.13
833.17	342.18
833.353	250.02
833.537	190.63
833.72	217.26
833.904	383.14
834.087	377
834.27	204.97
834.454	131.24
834.637	69.8
834.82	41.13
835.004	106.67
835.187	428.2
835.37	-91.99
835.553	284.84
835.737	-98.13
835.92	-34.64
836.103	43.18
836.286	340.13
836.469	28.84
836.653	22.7
836.836	225.45
837.019	284.84
837.202	88.23
837.385	49.32
837.568	278.69
837.751	237.74
837.934	155.82
838.117	100.52
838.3	129.19
838.483	75.95
838.666	161.96
838.849	127.14
839.032	204.97
839.215	69.8
839.398	86.19
839.581	204.97
839.764	-10.07
839.947	20.65
840.129	139.43
840.312	155.82
840.495	65.71
840.678	-12.12
840.861	245.93
841.043	-116.56
841.226	114.86
841.409	39.08
841.592	252.07
841.774	-163.67
841.957	168.1
842.14	-30.55
842.322	100.52
842.505	319.65
842.687	-180.05
842.87	276.65
843.053	186.54
843.235	-14.17
843.418	108.71
843.6	-34.64
843.783	10.41
843.965	422.05
844.148	125.1
844.33	77.99
844.513	63.66
844.695	82.09
844.878	127.14
845.06	108.71
845.242	176.3
845.425	118.95
845.607	88.23
845.789	196.78
845.972	159.91
846.154	325.8
846.336	360.61
846.519	346.28
846.701	34.99
846.883	237.74
847.065	-1.88
847.247	45.23
847.43	170.15
847.612	196.78
847.794	112.81
847.976	241.83
848.158	-8.02
848.34	123.05
848.522	106.67
848.704	336.04
848.886	184.49
849.069	266.41
849.251	323.75
849.433	237.74
849.615	364.71
849.797	55.47
849.978	389.28
850.16	432.29
850.342	53.42
850.524	235.69
850.706	18.6
850.888	143.53
851.07	204.97
851.252	34.99
851.434	211.11
851.615	426.15
851.797	243.88
851.979	250.02
852.161	215.21
852.342	170.15
852.524	200.87
852.706	174.25
852.887	118.95
853.069	284.84
853.251	307.37
853.432	198.82
853.614	192.68
853.796	364.71
853.977	200.87
854.159	260.26
854.34	211.11
854.522	315.56
854.703	280.74
854.885	57.51
855.066	194.73
855.248	127.14
855.429	327.85
855.611	114.86
855.792	-108.37
855.974	43.18
856.155	280.74
856.336	-126.8
856.518	305.32
856.699	30.89
856.881	-55.12
857.062	112.81
857.243	77.99
857.424	254.12
857.606	170.15
857.787	202.92
857.968	67.75
858.149	198.82
858.331	358.57
858.512	-10.07
858.693	73.9
858.874	213.16
859.055	-46.93
859.236	-12.12
859.417	114.86
859.598	217.26
859.779	207.02
859.961	75.95
860.142	-59.22
860.323	178.34
860.504	266.41
860.685	65.71
860.865	479.4
861.046	182.44
861.227	129.19
861.408	221.35
861.589	168.1
861.77	170.15
861.951	22.7
862.132	266.41
862.313	84.14
862.493	213.16
862.674	80.04
862.855	71.85
863.036	-38.74
863.216	-57.17
863.397	26.79
863.578	-8.02
863.759	555.17
863.939	172.2
864.12	409.76
864.301	260.26
864.481	71.85
864.662	213.16
864.842	59.56
865.023	92.33
865.204	-14.17
865.384	184.49
865.565	348.33
865.745	63.66
865.926	67.75
866.106	-73.56
866.287	174.25
866.467	172.2
866.648	116.9
866.828	-36.69
867.008	137.38
867.189	147.62
867.369	121
867.549	290.98
867.73	127.14
867.91	174.25
868.09	147.62
868.271	77.99
868.451	-30.55
868.631	319.65
868.811	155.82
868.992	80.04
869.172	-112.47
869.352	164.01
869.532	2.22
869.712	196.78
869.892	262.31
870.073	305.32
870.253	155.82
870.433	16.55
870.613	116.9
870.793	237.74
870.973	209.06
871.153	143.53
871.333	319.65
871.513	313.51
871.693	22.7
871.873	327.85
872.053	237.74
872.233	479.4
872.412	272.55
872.592	499.88
872.772	589.99
872.952	333.99
873.132	229.54
873.312	428.2
873.492	532.64
873.671	446.63
873.851	465.06
874.031	618.66
874.211	262.31
874.39	399.52
874.57	573.6
874.75	506.02
874.929	624.8
875.109	364.71
875.289	569.51
875.468	544.93
875.648	661.66
875.827	424.1
876.007	534.69
876.186	549.03
876.366	604.32
876.545	655.52
876.725	518.31
876.904	559.27
877.084	544.93
877.263	450.72
877.443	544.93
877.622	753.82
877.802	440.48
877.981	530.59
878.16	473.25
878.34	702.62
878.519	352.42
878.698	663.71
878.878	565.41
879.057	430.24
879.236	422.05
879.415	448.68
879.595	727.2
879.774	817.31
879.953	477.35
880.132	377
880.311	776.35
880.49	573.6
880.67	370.85
880.849	178.34
881.028	385.19
881.207	520.35
881.386	227.5
881.565	323.75
881.744	-53.08
881.923	420
882.102	125.1
882.281	166.06
882.46	190.63
882.639	1357.97
882.818	209.06
882.997	94.38
883.176	-71.51
883.354	114.86
883.533	350.37
883.712	63.66
883.891	-20.31
884.07	145.58
884.249	-59.22
884.427	155.82
884.606	10.41
884.785	168.1
884.964	96.43
885.142	264.36
885.321	45.23
885.5	225.45
885.678	133.29
885.857	4.27
886.036	403.62
886.214	340.13
886.393	188.58
886.571	96.43
886.75	225.45
886.928	194.73
887.107	194.73
887.285	192.68
887.464	327.85
887.642	229.54
887.821	299.17
887.999	532.64
888.178	358.57
888.356	522.4
888.534	422.05
888.713	184.49
888.891	362.66
889.07	137.38
889.248	270.5
889.426	213.16
889.604	415.91
889.783	301.22
889.961	471.2
890.139	342.18
890.317	247.97
890.496	794.78
890.674	475.3
890.852	516.26
891.03	579.75
891.208	460.96
891.386	661.66
891.564	444.58
891.742	506.02
891.921	413.86
892.099	364.71
892.277	587.94
892.455	202.92
892.633	479.4
892.811	534.69
892.989	475.3
893.167	401.57
893.344	530.59
893.522	493.73
893.7	211.11
893.878	692.38
894.056	612.51
894.234	430.24
894.412	284.84
894.589	264.36
894.767	194.73
894.945	315.56
895.123	391.33
895.301	428.2
895.478	563.36
895.656	608.42
895.834	354.47
896.011	366.76
896.189	129.19
896.367	342.18
896.544	18.6
896.722	133.29
896.899	293.03
897.077	82.09
897.255	227.5
897.432	65.71
897.61	80.04
897.787	-141.14
897.965	280.74
898.142	190.63
898.32	-36.69
898.497	235.69
898.674	71.85
898.852	164.01
899.029	139.43
899.207	-34.64
899.384	280.74
899.561	190.63
899.739	-24.4
899.916	-100.18
900.093	123.05
900.27	24.75
900.448	90.28
900.625	350.37
900.802	16.55
900.979	-126.8
901.156	250.02
901.334	309.41
901.511	20.65
901.688	270.5
901.865	-114.52
902.042	192.68
902.219	229.54
902.396	282.79
902.573	131.24
902.75	6.31
902.927	280.74
903.104	123.05
903.281	-204.63
903.458	75.95
903.635	-59.22
903.812	-83.8
903.989	53.42
904.166	213.16
904.343	-20.31
904.52	47.27
904.696	-12.12
904.873	92.33
905.05	-44.88
905.227	-34.64
905.404	84.14
905.58	-65.36
905.757	-192.34
905.934	-120.66
906.111	67.75
906.287	-46.93
906.464	-61.27
906.641	-42.84
906.817	-198.48
906.994	-40.79
907.17	-77.65
907.347	250.02
907.524	49.32
907.7	114.86
907.877	276.65
908.053	-106.32
908.23	55.47
908.406	198.82
908.583	-51.03
908.759	-26.45
908.935	61.61
909.112	-10.07
909.288	112.81
909.465	264.36
909.641	164.01
909.817	41.13
909.994	108.71
910.17	182.44
910.346	96.43
910.523	-44.88
910.699	-83.8
910.875	6.31
911.051	252.07
911.228	-26.45
911.404	37.03
911.58	891.04
911.756	6.31
911.932	47.27
912.108	211.11
912.284	557.22
912.46	-32.6
912.637	-114.52
912.813	-71.51
912.989	209.06
913.165	116.9
913.341	174.25
913.517	98.47
913.693	32.94
913.869	92.33
914.044	2.22
914.22	-122.71
914.396	104.62
914.572	-114.52
914.748	-14.17
914.924	-79.7
915.1	16.55
915.276	98.47
915.451	45.23
915.627	137.38
915.803	-106.32
915.979	-165.71
916.154	123.05
916.33	-8.02
916.506	211.11
916.681	344.23
916.857	90.28
917.033	-135
917.208	-26.45
917.384	278.69
917.56	278.69
917.735	69.8
917.911	-71.51
918.086	336.04
918.262	-165.71
918.437	-104.28
918.613	-157.52
918.788	-122.71
918.964	387.24
919.139	-159.57
919.314	106.67
919.49	125.1
919.665	47.27
919.841	116.9
920.016	61.61
920.191	348.33
920.367	-44.88
920.542	229.54
920.717	-14.17
920.892	0.17
921.068	-36.69
921.243	75.95
921.418	-14.17
921.593	342.18
921.769	178.34
921.944	204.97
922.119	8.36
922.294	69.8
922.469	-26.45
922.644	231.59
922.819	26.79
922.994	272.55
923.169	69.8
923.344	61.61
923.519	-38.74
923.694	172.2
923.869	297.13
924.044	182.44
924.219	-118.61
924.394	106.67
924.569	161.96
924.744	-155.47
924.919	121
925.094	65.71
925.268	-46.93
925.443	37.03
925.618	22.7
925.793	168.1
925.968	-10.07
926.142	102.57
926.317	55.47
926.492	49.32
926.666	131.24
926.841	-46.93
927.016	145.58
927.19	30.89
927.365	-85.84
927.54	110.76
927.714	-110.42
927.889	178.34
928.063	-12.12
928.238	215.21
928.412	26.79
928.587	141.48
928.761	-57.17
928.936	-155.47
929.11	30.89
929.285	315.56
929.459	-73.56
929.634	-22.36
929.808	-155.47
929.982	-55.12
930.157	90.28
930.331	-75.6
930.505	157.86
930.68	262.31
930.854	49.32
931.028	278.69
931.202	69.8
931.377	-24.4
931.551	147.62
931.725	-12.12
931.899	-67.41
932.073	299.17
932.247	237.74
932.422	-42.84
932.596	65.71
932.77	-32.6
932.944	288.93
933.118	73.9
933.292	-124.76
933.466	-8.02
933.64	57.51
933.814	71.85
933.988	141.48
934.162	45.23
934.336	118.95
934.51	-51.03
934.683	51.37
934.857	133.29
935.031	397.48
935.205	47.27
935.379	-83.8
935.553	194.73
935.726	141.48
935.9	-87.89
936.074	67.75
936.248	-69.46
936.421	61.61
936.595	12.46
936.769	-57.17
936.943	129.19
937.116	-128.85
937.29	-22.36
937.463	247.97
937.637	182.44
937.811	8.36
937.984	55.47
938.158	51.37
938.331	82.09
938.505	55.47
938.678	200.87
938.852	135.34
939.025	217.26
939.199	28.84
939.372	188.58
939.545	-8.02
939.719	14.51
939.892	104.62
940.066	51.37
940.239	174.25
940.412	106.67
940.586	-157.52
940.759	0.17
940.932	30.89
941.105	-200.53
941.279	12.46
941.452	32.94
941.625	6.31
941.798	170.15
941.971	188.58
942.144	47.27
942.318	-40.79
942.491	237.74
942.664	-30.55
942.837	-81.75
943.01	-87.89
943.183	121
943.356	213.16
943.529	24.75
943.702	202.92
943.875	2.22
944.048	131.24
944.221	157.86
944.394	-22.36
944.567	219.3
944.74	141.48
944.912	-73.56
945.085	-5.97
945.258	20.65
945.431	-73.56
945.604	59.56
945.776	792.73
945.949	143.53
946.122	86.19
946.295	141.48
946.467	41.13
946.64	-14.17
946.813	-18.26
946.985	-137.04
947.158	102.57
947.331	288.93
947.503	28.84
947.676	63.66
947.848	112.81
948.021	12.46
948.194	22.7
948.366	-266.07
948.539	-34.64
948.711	114.86
948.883	108.71
949.056	-77.65
949.228	-110.42
949.401	12.46
949.573	-1.88
949.746	143.53
949.918	55.47
950.09	168.1
950.263	-89.94
950.435	139.43
950.607	63.66
950.779	354.47
950.952	-157.52
951.124	-266.07
951.296	47.27
951.468	84.14
951.64	295.08
951.813	-296.78
951.985	34.99
952.157	82.09
952.329	215.21
952.501	4.27
952.673	-28.5
952.845	-8.02
953.017	67.75
953.189	39.08
953.361	80.04
953.533	182.44
953.705	-48.98
953.877	-18.26
954.049	-153.43
954.221	-124.76
954.393	-20.31
954.565	157.86
954.737	55.47
954.909	55.47
955.08	215.21
955.252	198.82
955.424	213.16
955.596	389.28
955.768	-63.32
955.939	102.57
956.111	303.27
956.283	86.19
956.454	-16.21
956.626	190.63
956.798	127.14
956.969	102.57
957.141	63.66
957.313	-12.12
957.484	-12.12
957.656	88.23
957.827	192.68
957.999	137.38
958.17	80.04
958.342	358.57
958.513	100.52
958.685	-26.45
958.856	-51.03
959.028	12.46
959.199	149.67
959.37	266.41
959.542	-3.93
959.713	24.75
959.884	276.65
960.056	106.67
960.227	22.7
960.398	325.8
960.57	-5.97
960.741	116.9
960.912	114.86
961.083	57.51
961.254	-159.57
961.426	49.32
961.597	92.33
961.768	149.67
961.939	84.14
962.11	43.18
962.281	170.15
962.452	39.08
962.623	569.51
962.794	0.17
962.965	49.32
963.136	333.99
963.307	-89.94
963.478	16.55
963.649	96.43
963.82	311.46
963.991	77.99
964.162	-175.95
964.333	-108.37
964.504	86.19
964.675	309.41
964.845	229.54
965.016	198.82
965.187	100.52
965.358	45.23
965.529	268.45
965.699	135.34
965.87	278.69
966.041	129.19
966.211	-22.36
966.382	174.25
966.553	67.75
966.723	118.95
966.894	-106.32
967.065	-59.22
967.235	188.58
967.406	106.67
967.576	-44.88
967.747	63.66
967.917	125.1
968.088	108.71
968.258	-12.12
968.429	63.66
968.599	69.8
968.769	172.2
968.94	225.45
969.11	118.95
969.281	-55.12
969.451	141.48
969.621	108.71
969.792	65.71
969.962	299.17
970.132	84.14
970.302	262.31
970.473	34.99
970.643	141.48
970.813	86.19
970.983	47.27
971.153	227.5
971.324	129.19
971.494	-1.88
971.664	-124.76
971.834	49.32
972.004	524.45
972.174	-22.36
972.344	178.34
972.514	-20.31
972.684	235.69
972.854	176.3
973.024	204.97
973.194	0.17
973.364	118.95
973.534	-34.64
973.704	182.44
973.874	77.99
974.043	164.01
974.213	123.05
974.383	137.38
974.553	43.18
974.723	137.38
974.893	184.49
975.062	41.13
975.232	131.24
975.402	88.23
975.571	92.33
975.741	-24.4
975.911	172.2
976.08	180.39
976.25	34.99
976.42	45.23
976.589	149.67
976.759	-59.22
976.928	-30.55
977.098	112.81
977.267	-38.74
977.437	8.36
977.606	166.06
977.776	114.86
977.945	237.74
978.115	190.63
978.284	-126.8
978.454	71.85
978.623	22.7
978.792	-1.88
978.962	-12.12
979.131	204.97
979.3	-147.28
979.47	-67.41
979.639	-3.93
979.808	39.08
979.977	542.88
980.147	-116.56
980.316	-44.88
980.485	399.52
980.654	-98.13
980.823	336.04
980.992	-36.69
981.162	213.16
981.331	49.32
981.5	127.14
981.669	61.61
981.838	-34.64
982.007	73.9
982.176	305.32
982.345	6.31
982.514	34.99
982.683	161.96
982.852	-8.02
983.021	-112.47
983.19	143.53
983.358	102.57
983.527	59.56
983.696	-24.4
983.865	104.62
984.034	34.99
984.203	305.32
984.371	59.56
984.54	-18.26
984.709	864.41
984.878	-20.31
985.046	55.47
985.215	100.52
985.384	-135
985.552	161.96
985.721	104.62
985.889	26.79
986.058	-122.71
986.227	-55.12
986.395	-106.32
986.564	-61.27
986.732	-18.26
986.901	204.97
987.069	-65.36
987.238	315.56
987.406	-51.03
987.575	188.58
987.743	196.78
987.911	133.29
988.08	16.55
988.248	-3.93
988.416	-14.17
988.585	-5.97
988.753	-46.93
988.921	53.42
989.09	-38.74
989.258	315.56
989.426	133.29
989.594	293.03
989.763	77.99
989.931	-22.36
990.099	157.86
990.267	145.58
990.435	-77.65
990.603	55.47
990.771	-67.41
990.939	-89.94
991.107	63.66
991.275	90.28
991.443	125.1
991.611	-178
991.779	239.78
991.947	159.91
992.115	-202.58
992.283	237.74
992.451	221.35
992.619	452.77
992.787	-42.84
992.955	-128.85
993.123	4.27
993.29	53.42
993.458	55.47
993.626	16.55
993.794	-124.76
993.962	-182.1
994.129	-14.17
994.297	96.43
994.465	-108.37
994.632	75.95
994.8	200.87
994.968	348.33
995.135	57.51
995.303	184.49
995.47	20.65
995.638	368.81
995.806	69.8
995.973	110.76
996.141	172.2
996.308	49.32
996.476	125.1
996.643	39.08
996.81	69.8
996.978	284.84
997.145	155.82
997.313	34.99
997.48	-124.76
997.647	463.01
997.815	280.74
997.982	-32.6
998.149	80.04
998.317	-116.56
998.484	22.7
998.651	-243.54
998.818	73.9
998.986	-255.83
999.153	200.87
999.32	-81.75
999.487	-51.03
999.654	-200.53
999.821	24.75
999.988	98.47
1000.155	0.17
1000.323	-137.04
1000.49	147.62
1000.657	182.44
1000.824	250.02
1000.991	446.63
1001.158	43.18
1001.324	-91.99
1001.491	131.24
1001.658	84.14
1001.825	108.71
1001.992	245.93
1002.159	55.47
1002.326	-38.74
1002.493	213.16
1002.659	-5.97
1002.826	-48.98
1002.993	-128.85
1003.16	274.6
1003.326	121
1003.493	43.18
1003.66	63.66
1003.827	30.89
1003.993	-79.7
1004.16	59.56
1004.326	241.83
1004.493	157.86
1004.66	84.14
1004.826	164.01
1004.993	264.36
1005.159	86.19
1005.326	59.56
1005.492	-100.18
1005.659	30.89
1005.825	-165.71
1005.992	256.17
1006.158	127.14
1006.325	274.6
1006.491	-16.21
1006.657	-196.43
1006.824	-65.36
1006.99	186.54
1007.156	155.82
1007.323	-14.17
1007.489	84.14
1007.655	-118.61
1007.821	75.95
1007.988	-59.22
1008.154	-100.18
1008.32	96.43
1008.486	61.61
1008.652	51.37
1008.818	41.13
1008.985	22.7
1009.151	-53.08
1009.317	254.12
1009.483	-153.43
1009.649	-40.79
1009.815	227.5
1009.981	-34.64
1010.147	24.75
1010.313	331.94
1010.479	57.51
1010.645	-28.5
1010.811	73.9
1010.976	194.73
1011.142	6.31
1011.308	-42.84
1011.474	75.95
1011.64	-89.94
1011.806	237.74
1011.971	143.53
1012.137	-77.65
1012.303	123.05
1012.469	164.01
1012.634	149.67
1012.8	75.95
1012.966	98.47
1013.131	24.75
1013.297	98.47
1013.463	8.36
1013.628	258.21
1013.794	243.88
1013.959	49.32
1014.125	-61.27
1014.291	24.75
1014.456	178.34
1014.622	16.55
1014.787	63.66
1014.952	157.86
1015.118	186.54
1015.283	172.2
1015.449	266.41
1015.614	336.04
1015.779	12.46
1015.945	-34.64
1016.11	133.29
1016.275	127.14
1016.441	211.11
1016.606	92.33
1016.771	-26.45
1016.937	139.43
1017.102	118.95
1017.267	235.69
1017.432	104.62
1017.597	-85.84
1017.762	233.64
1017.928	-12.12
1018.093	-106.32
1018.258	32.94
1018.423	127.14
1018.588	20.65
1018.753	-71.51
1018.918	288.93
1019.083	186.54
1019.248	0.17
1019.413	73.9
1019.578	219.3
1019.743	327.85
1019.908	39.08
1020.073	166.06
1020.237	28.84
1020.402	18.6
1020.567	-44.88
1020.732	6.31
1020.897	231.59
1021.062	276.65
1021.226	-3.93
1021.391	293.03
1021.556	-77.65
1021.72	116.9
1021.885	2.22
1022.05	194.73
1022.214	-223.06
1022.379	178.34
1022.544	20.65
1022.708	65.71
1022.873	293.03
1023.037	-89.94
1023.202	129.19
1023.366	100.52
1023.531	-163.67
1023.695	-81.75
1023.86	-18.26
1024.024	4.27
1024.189	301.22
1024.353	69.8
1024.518	-34.64
1024.682	157.86
1024.846	164.01
1025.011	73.9
1025.175	-24.4
1025.339	30.89
1025.504	198.82
1025.668	229.54
1025.832	67.75
1025.996	84.14
1026.161	100.52
1026.325	-63.32
1026.489	16.55
1026.653	-20.31
1026.817	118.95
1026.981	86.19
1027.145	178.34
1027.309	-55.12
1027.474	151.72
1027.638	59.56
1027.802	170.15
1027.966	121
1028.13	139.43
1028.294	86.19
1028.458	127.14
1028.621	39.08
1028.785	112.81
1028.949	-18.26
1029.113	227.5
1029.277	96.43
1029.441	325.8
1029.605	217.26
1029.768	-94.04
1029.932	-10.07
1030.096	-65.36
1030.26	276.65
1030.423	-98.13
1030.587	-139.09
1030.751	-114.52
1030.915	442.53
1031.078	73.9
1031.242	-73.56
1031.405	82.09
1031.569	57.51
1031.733	55.47
1031.896	170.15
1032.06	-178
1032.223	-18.26
1032.387	184.49
1032.55	-18.26
1032.714	188.58
1032.877	80.04
1033.041	149.67
1033.204	-245.59
1033.367	188.58
1033.531	-38.74
1033.694	22.7
1033.858	59.56
1034.021	317.61
1034.184	217.26
1034.347	-67.41
1034.511	125.1
1034.674	-116.56
1034.837	161.96
1035	-204.63
1035.164	221.35
1035.327	284.84
1035.49	227.5
1035.653	98.47
1035.816	51.37
1035.979	112.81
1036.142	278.69
1036.305	-16.21
1036.468	-34.64
1036.631	135.34
1036.794	133.29
1036.957	143.53
1037.12	-118.61
1037.283	211.11
1037.446	71.85
1037.609	182.44
1037.772	-34.64
1037.935	174.25
1038.098	139.43
1038.261	-63.32
1038.424	-165.71
1038.586	-81.75
1038.749	157.86
1038.912	41.13
1039.075	65.71
1039.237	63.66
1039.4	110.76
1039.563	-18.26
1039.725	108.71
1039.888	-8.02
1040.051	10.41
1040.213	55.47
1040.376	-40.79
1040.539	147.62
1040.701	-75.6
1040.864	69.8
1041.026	32.94
1041.189	123.05
1041.351	92.33
1041.514	0.17
1041.676	200.87
1041.838	211.11
1042.001	993.44
1042.163	63.66
1042.326	-12.12
1042.488	127.14
1042.65	233.64
1042.813	204.97
1042.975	12.46
1043.137	311.46
1043.3	262.31
1043.462	84.14
1043.624	202.92
1043.786	-51.03
1043.948	264.36
1044.111	-120.66
1044.273	26.79
1044.435	108.71
1044.597	286.89
1044.759	-159.57
1044.921	133.29
1045.083	-100.18
