345.532	-56.83
345.749	-56.83
345.966	-56.83
346.184	-40.45
346.401	-30.21
346.618	-50.69
346.836	-9.73
347.053	-1.54
347.27	-36.35
347.487	31.23
347.705	-40.45
347.922	35.33
348.139	10.75
348.356	2.56
348.574	-11.78
348.791	39.42
349.008	31.23
349.225	-17.92
349.442	-11.78
349.659	37.38
349.877	33.28
350.094	-9.73
350.311	-22.02
350.528	100.86
350.745	51.71
350.962	6.66
351.179	35.33
351.396	-34.3
351.613	27.14
351.83	12.8
352.047	41.47
352.264	-40.45
352.481	10.75
352.698	23.04
352.915	-1.54
353.132	-17.92
353.349	6.66
353.566	-40.45
353.783	-13.82
354	43.52
354.217	31.23
354.433	-15.87
354.65	-44.54
354.867	-17.92
355.084	-3.58
355.301	29.18
355.518	35.33
355.735	-42.5
355.951	31.23
356.168	4.61
356.385	0.51
356.602	-46.59
356.818	-7.68
357.035	39.42
357.252	49.66
357.469	-5.63
357.685	41.47
357.902	12.8
358.119	45.57
358.335	29.18
358.552	31.23
358.769	68.09
358.985	53.76
359.202	-75.26
359.419	20.99
359.635	53.76
359.852	-17.92
360.068	2.56
360.285	-5.63
360.501	2.56
360.718	16.9
360.934	-28.16
361.151	61.95
361.367	-46.59
361.584	-44.54
361.8	53.76
362.017	-5.63
362.233	-22.02
362.45	18.94
362.666	-42.5
362.883	-19.97
363.099	35.33
363.315	39.42
363.532	6.66
363.748	18.94
363.965	37.38
364.181	-11.78
364.397	29.18
364.614	-52.74
364.83	-1.54
365.046	-22.02
365.262	-32.26
365.479	6.66
365.695	0.51
365.911	-60.93
366.128	14.85
366.344	-42.5
366.56	-9.73
366.776	-13.82
366.992	20.99
367.209	47.62
367.425	41.47
367.641	-26.11
367.857	4.61
368.073	41.47
368.289	29.18
368.505	45.57
368.722	61.95
368.938	-24.06
369.154	27.14
369.37	29.18
369.586	43.52
369.802	4.61
370.018	41.47
370.234	-9.73
370.45	-11.78
370.666	2.56
370.882	18.94
371.098	37.38
371.314	-17.92
371.53	-11.78
371.746	-17.92
371.962	27.14
372.178	-19.97
372.393	94.72
372.609	45.57
372.825	14.85
373.041	-7.68
373.257	53.76
373.473	-30.21
373.689	-5.63
373.904	33.28
374.12	-1.54
374.336	-93.69
374.552	94.72
374.767	47.62
374.983	-5.63
375.199	-28.16
375.415	-15.87
375.63	-34.3
375.846	12.8
376.062	31.23
376.278	23.04
376.493	-36.35
376.709	29.18
376.925	-22.02
377.14	-3.58
377.356	-7.68
377.571	-36.35
377.787	59.9
378.003	100.86
378.218	35.33
378.434	29.18
378.649	70.14
378.865	-26.11
379.08	-15.87
379.296	61.95
379.511	41.47
379.727	27.14
379.942	-7.68
380.158	47.62
380.373	-22.02
380.589	12.8
380.804	41.47
381.02	25.09
381.235	14.85
381.45	25.09
381.666	-7.68
381.881	43.52
382.096	45.57
382.312	27.14
382.527	29.18
382.742	-17.92
382.958	61.95
383.173	-62.98
383.388	-46.59
383.604	-11.78
383.819	47.62
384.034	-5.63
384.249	-11.78
384.465	14.85
384.68	-17.92
384.895	-50.69
385.11	51.71
385.325	-11.78
385.541	-7.68
385.756	14.85
385.971	14.85
386.186	72.19
386.401	39.42
386.616	43.52
386.831	31.23
387.046	-34.3
387.261	10.75
387.477	70.14
387.692	-15.87
387.907	-5.63
388.122	23.04
388.337	72.19
388.552	35.33
388.767	68.09
388.982	25.09
389.197	4.61
389.411	25.09
389.626	43.52
389.841	-22.02
390.056	39.42
390.271	18.94
390.486	20.99
390.701	-5.63
390.916	18.94
391.131	-46.59
391.345	-3.58
391.56	76.29
391.775	-15.87
391.99	-32.26
392.205	84.48
392.42	-46.59
392.634	-44.54
392.849	39.42
393.064	39.42
393.279	33.28
393.493	-46.59
393.708	-11.78
393.923	45.57
394.137	41.47
394.352	4.61
394.567	-3.58
394.781	55.81
394.996	-46.59
395.211	88.57
395.425	49.66
395.64	53.76
395.854	31.23
396.069	59.9
396.284	29.18
396.498	-13.82
396.713	-34.3
396.927	-5.63
397.142	51.71
397.356	80.38
397.571	-19.97
397.785	35.33
398	4.61
398.214	45.57
398.428	-1.54
398.643	-9.73
398.857	2.56
399.072	39.42
399.286	0.51
399.5	37.38
399.715	-30.21
399.929	-7.68
400.144	41.47
400.358	-3.58
400.572	94.72
400.787	-5.63
401.001	20.99
401.215	25.09
401.429	4.61
401.644	8.7
401.858	39.42
402.072	25.09
402.286	20.99
402.501	33.28
402.715	-67.07
402.929	47.62
403.143	18.94
403.357	61.95
403.571	-22.02
403.786	16.9
404	12.8
404.214	74.24
404.428	43.52
404.642	6.66
404.856	-50.69
405.07	31.23
405.284	12.8
405.498	-3.58
405.712	37.38
405.926	10.75
406.14	14.85
406.354	25.09
406.568	23.04
406.782	-1.54
406.996	-9.73
407.21	53.76
407.424	-42.5
407.638	16.9
407.852	-3.58
408.066	78.33
408.28	-15.87
408.493	-19.97
408.707	-17.92
408.921	-30.21
409.135	4.61
409.349	61.95
409.563	-11.78
409.776	37.38
409.99	8.7
410.204	47.62
410.418	33.28
410.631	14.85
410.845	29.18
411.059	-1.54
411.273	31.23
411.486	43.52
411.7	-1.54
411.914	-3.58
412.127	16.9
412.341	45.57
412.555	-54.78
412.768	10.75
412.982	123.39
413.195	-46.59
413.409	-3.58
413.623	41.47
413.836	-19.97
414.05	23.04
414.263	4.61
414.477	-13.82
414.69	33.28
414.904	39.42
415.117	25.09
415.331	25.09
415.544	37.38
415.758	8.7
415.971	23.04
416.185	20.99
416.398	74.24
416.611	18.94
416.825	4.61
417.038	-1.54
417.251	55.81
417.465	39.42
417.678	-17.92
417.891	59.9
418.105	12.8
418.318	8.7
418.531	-7.68
418.745	14.85
418.958	33.28
419.171	-15.87
419.384	12.8
419.598	61.95
419.811	37.38
420.024	-13.82
420.237	-9.73
420.45	12.8
420.664	37.38
420.877	10.75
421.09	25.09
421.303	-5.63
421.516	72.19
421.729	14.85
421.942	39.42
422.155	-22.02
422.368	27.14
422.582	-32.26
422.795	-3.58
423.008	-9.73
423.221	6.66
423.434	14.85
423.647	45.57
423.86	2.56
424.073	4.61
424.286	0.51
424.498	-95.74
424.711	102.91
424.924	18.94
425.137	8.7
425.35	14.85
425.563	8.7
425.776	6.66
425.989	-42.5
426.202	-7.68
426.414	10.75
426.627	39.42
426.84	-9.73
427.053	-28.16
427.266	-3.58
427.478	37.38
427.691	-28.16
427.904	25.09
428.117	27.14
428.329	55.81
428.542	66.05
428.755	-44.54
428.967	16.9
429.18	-15.87
429.393	-28.16
429.605	-22.02
429.818	31.23
430.031	-5.63
430.243	-56.83
430.456	6.66
430.668	27.14
430.881	-67.07
431.094	-13.82
431.306	8.7
431.519	39.42
431.731	37.38
431.944	-9.73
432.156	-28.16
432.369	-34.3
432.581	45.57
432.794	68.09
433.006	61.95
433.218	31.23
433.431	18.94
433.643	8.7
433.856	-44.54
434.068	4.61
434.28	12.8
434.493	20.99
434.705	31.23
434.918	47.62
435.13	-22.02
435.342	-9.73
435.554	57.86
435.767	14.85
435.979	-22.02
436.191	8.7
436.404	31.23
436.616	16.9
436.828	8.7
437.04	33.28
437.252	74.24
437.465	-17.92
437.677	-17.92
437.889	70.14
438.101	-44.54
438.313	27.14
438.525	23.04
438.737	16.9
438.949	-5.63
439.162	53.76
439.374	-24.06
439.586	-36.35
439.798	14.85
440.01	2.56
440.222	47.62
440.434	64
440.646	-42.5
440.858	-7.68
441.07	-46.59
441.282	35.33
441.494	-42.5
441.706	-38.4
441.918	45.57
442.129	61.95
442.341	-30.21
442.553	131.58
442.765	12.8
442.977	16.9
443.189	39.42
443.401	37.38
443.612	10.75
443.824	-1.54
444.036	-65.02
444.248	-17.92
444.46	16.9
444.671	29.18
444.883	-17.92
445.095	27.14
445.307	-28.16
445.518	-11.78
445.73	-42.5
445.942	8.7
446.153	-3.58
446.365	-38.4
446.577	47.62
446.788	12.8
447	-60.93
447.212	20.99
447.423	29.18
447.635	23.04
447.846	18.94
448.058	-42.5
448.269	33.28
448.481	-46.59
448.692	27.14
448.904	59.9
449.115	8.7
449.327	37.38
449.538	10.75
449.75	29.18
449.961	49.66
450.173	0.51
450.384	10.75
450.596	-1.54
450.807	68.09
451.018	29.18
451.23	-34.3
451.441	29.18
451.652	39.42
451.864	-11.78
452.075	6.66
452.286	35.33
452.498	-24.06
452.709	64
452.92	20.99
453.131	10.75
453.343	20.99
453.554	-42.5
453.765	-9.73
453.976	66.05
454.187	20.99
454.399	8.7
454.61	-1.54
454.821	-24.06
455.032	-13.82
455.243	2.56
455.454	8.7
455.665	72.19
455.877	51.71
456.088	2.56
456.299	57.86
456.51	35.33
456.721	6.66
456.932	18.94
457.143	-11.78
457.354	72.19
457.565	-9.73
457.776	23.04
457.987	-22.02
458.198	-26.11
458.409	98.81
458.62	35.33
458.83	-24.06
459.041	25.09
459.252	-9.73
459.463	39.42
459.674	4.61
459.885	12.8
460.096	-1.54
460.306	-32.26
460.517	72.19
460.728	-36.35
460.939	4.61
461.15	41.47
461.36	18.94
461.571	14.85
461.782	-1.54
461.993	-11.78
462.203	90.62
462.414	-17.92
462.625	39.42
462.835	29.18
463.046	-13.82
463.257	100.86
463.467	14.85
463.678	-44.54
463.889	10.75
464.099	16.9
464.31	6.66
464.52	43.52
464.731	53.76
464.941	31.23
465.152	-34.3
465.362	-9.73
465.573	18.94
465.783	-9.73
465.994	-52.74
466.204	43.52
466.415	-5.63
466.625	66.05
466.836	-17.92
467.046	68.09
467.257	31.23
467.467	-32.26
467.677	2.56
467.888	35.33
468.098	23.04
468.308	4.61
468.519	31.23
468.729	41.47
468.939	57.86
469.15	45.57
469.36	10.75
469.57	37.38
469.78	-3.58
469.991	12.8
470.201	31.23
470.411	25.09
470.621	-26.11
470.831	-36.35
471.042	29.18
471.252	-77.31
471.462	-1.54
471.672	55.81
471.882	0.51
472.092	14.85
472.302	6.66
472.512	-11.78
472.723	-15.87
472.933	-19.97
473.143	29.18
473.353	33.28
473.563	-5.63
473.773	18.94
473.983	10.75
474.193	-28.16
474.403	10.75
474.613	-15.87
474.822	14.85
475.032	-26.11
475.242	27.14
475.452	20.99
475.662	20.99
475.872	10.75
476.082	37.38
476.292	37.38
476.502	-22.02
476.711	-38.4
476.921	31.23
477.131	-30.21
477.341	-9.73
477.551	53.76
477.76	-5.63
477.97	12.8
478.18	14.85
478.39	86.53
478.599	31.23
478.809	-1.54
479.019	43.52
479.228	23.04
479.438	12.8
479.648	-1.54
479.857	18.94
480.067	-52.74
480.276	20.99
480.486	74.24
480.696	31.23
480.905	133.63
481.115	51.71
481.324	25.09
481.534	-11.78
481.743	-32.26
481.953	27.14
482.162	10.75
482.372	47.62
482.581	-9.73
482.791	49.66
483	16.9
483.21	47.62
483.419	41.47
483.628	0.51
483.838	16.9
484.047	23.04
484.257	49.66
484.466	25.09
484.675	64
484.885	61.95
485.094	6.66
485.303	-32.26
485.512	-1.54
485.722	47.62
485.931	10.75
486.14	20.99
486.349	39.42
486.559	23.04
486.768	92.67
486.977	4.61
487.186	43.52
487.395	47.62
487.605	14.85
487.814	33.28
488.023	-34.3
488.232	-36.35
488.441	-1.54
488.65	6.66
488.859	4.61
489.068	29.18
489.277	0.51
489.486	-9.73
489.695	25.09
489.904	29.18
490.113	76.29
490.322	57.86
490.531	18.94
490.74	27.14
490.949	18.94
491.158	-19.97
491.367	59.9
491.576	6.66
491.785	-58.88
491.994	41.47
492.203	-1.54
492.412	55.81
492.62	29.18
492.829	25.09
493.038	-7.68
493.247	-9.73
493.456	2.56
493.664	72.19
493.873	-22.02
494.082	-11.78
494.291	-67.07
494.499	-48.64
494.708	37.38
494.917	80.38
495.126	4.61
495.334	-28.16
495.543	68.09
495.751	10.75
495.96	6.66
496.169	31.23
496.377	-15.87
496.586	-40.45
496.795	6.66
497.003	-9.73
497.212	12.8
497.42	31.23
497.629	59.9
497.837	-19.97
498.046	8.7
498.254	-30.21
498.463	4.61
498.671	-17.92
498.88	-7.68
499.088	47.62
499.297	-15.87
499.505	43.52
499.713	29.18
499.922	43.52
500.13	-15.87
500.338	-22.02
500.547	18.94
500.755	-30.21
500.963	-30.21
501.172	-24.06
501.38	2.56
501.588	0.51
501.797	-34.3
502.005	-3.58
502.213	-7.68
502.421	37.38
502.63	51.71
502.838	-32.26
503.046	-13.82
503.254	-44.54
503.462	-71.17
503.67	10.75
503.879	49.66
504.087	-30.21
504.295	-28.16
504.503	64
504.711	16.9
504.919	-34.3
505.127	20.99
505.335	35.33
505.543	45.57
505.751	0.51
505.959	-42.5
506.167	14.85
506.375	41.47
506.583	51.71
506.791	20.99
506.999	18.94
507.207	29.18
507.415	-17.92
507.623	-7.68
507.831	-46.59
508.039	59.9
508.246	-22.02
508.454	4.61
508.662	49.66
508.87	68.09
509.078	-42.5
509.286	47.62
509.493	25.09
509.701	-87.55
509.909	61.95
510.117	-19.97
510.324	12.8
510.532	-28.16
510.74	14.85
510.947	12.8
511.155	49.66
511.363	0.51
511.57	8.7
511.778	43.52
511.986	111.1
512.193	31.23
512.401	25.09
512.609	35.33
512.816	6.66
513.024	-9.73
513.231	-36.35
513.439	6.66
513.646	-32.26
513.854	0.51
514.061	14.85
514.269	4.61
514.476	12.8
514.684	20.99
514.891	-42.5
515.099	59.9
515.306	47.62
515.513	35.33
515.721	6.66
515.928	14.85
516.135	41.47
516.343	-3.58
516.55	-24.06
516.757	49.66
516.965	-62.98
517.172	39.42
517.379	-1.54
517.587	29.18
517.794	-3.58
518.001	14.85
518.208	-9.73
518.416	88.57
518.623	33.28
518.83	39.42
519.037	-62.98
519.244	43.52
519.451	-13.82
519.659	-36.35
519.866	-1.54
520.073	-15.87
520.28	31.23
520.487	-15.87
520.694	-17.92
520.901	18.94
521.108	-42.5
521.315	88.57
521.522	92.67
521.729	-11.78
521.936	47.62
522.143	45.57
522.35	86.53
522.557	23.04
522.764	8.7
522.971	92.67
523.178	14.85
523.385	4.61
523.592	23.04
523.799	16.9
524.005	84.48
524.212	25.09
524.419	-5.63
524.626	51.71
524.833	-1.54
525.04	31.23
525.246	29.18
525.453	264.7
525.66	653.81
525.867	2243.04
526.073	4561.34
526.28	7958.92
526.487	10457.44
526.693	12114.25
526.9	13859.12
527.107	15282.45
527.313	16550.15
527.52	18215.15
527.727	18002.16
527.933	18856.16
528.14	20467.91
528.346	20644.04
528.553	21985.46
528.759	22984.87
528.966	24244.37
529.173	25440.38
529.379	26124.4
529.586	26081.39
529.792	27054.18
529.999	26026.1
530.205	25608.31
530.411	26011.76
530.618	26220.66
530.824	26962.02
531.031	26697.83
531.237	26714.22
531.443	27351.13
531.65	27275.36
531.856	27482.2
532.062	28244.05
532.269	29341.76
532.475	29753.4
532.681	28598.35
532.888	29116.48
533.094	29626.43
533.3	29399.1
533.506	28885.06
533.713	29902.9
533.919	29143.11
534.125	27871.32
534.331	27840.6
534.538	27545.69
534.744	26101.87
534.95	22624.42
535.156	18649.32
535.362	14864.67
535.568	11012.44
535.774	7381.39
535.98	3578.31
536.186	930.29
536.393	158.21
536.599	27.14
536.805	25.09
537.011	76.29
537.217	-3.58
537.423	-17.92
537.629	55.81
537.835	55.81
538.04	18.94
538.246	41.47
538.452	33.28
538.658	43.52
538.864	-9.73
539.07	47.62
539.276	51.71
539.482	-5.63
539.688	6.66
539.893	-1.54
540.099	-26.11
540.305	0.51
540.511	51.71
540.717	6.66
540.922	-15.87
541.128	47.62
541.334	53.76
541.54	16.9
541.745	2.56
541.951	-5.63
542.157	51.71
542.362	18.94
542.568	35.33
542.774	6.66
542.979	4.61
543.185	27.14
543.39	35.33
543.596	14.85
543.802	-7.68
544.007	-13.82
544.213	-44.54
544.418	33.28
544.624	-17.92
544.829	80.38
545.035	-42.5
545.24	55.81
545.446	-34.3
545.651	45.57
545.857	-13.82
546.062	6.66
546.267	61.95
546.473	-50.69
546.678	33.28
546.884	35.33
547.089	25.09
547.294	35.33
547.5	-19.97
547.705	35.33
547.91	39.42
548.116	29.18
548.321	43.52
548.526	18.94
548.731	10.75
548.937	33.28
549.142	-19.97
549.347	20.99
549.552	20.99
549.757	53.76
549.963	-5.63
550.168	-1.54
550.373	16.9
550.578	25.09
550.783	-5.63
550.988	-15.87
551.193	-13.82
551.398	27.14
551.603	-19.97
551.808	70.14
552.013	12.8
552.218	10.75
552.424	-3.58
552.628	96.77
552.833	23.04
553.038	61.95
553.243	10.75
553.448	-3.58
553.653	-3.58
553.858	25.09
554.063	84.48
554.268	41.47
554.473	41.47
554.678	45.57
554.883	59.9
555.087	70.14
555.292	2.56
555.497	-1.54
555.702	-38.4
555.907	-60.93
556.111	72.19
556.316	94.72
556.521	-44.54
556.725	6.66
556.93	-40.45
557.135	-5.63
557.34	20.99
557.544	12.8
557.749	66.05
557.954	68.09
558.158	8.7
558.363	64
558.567	18.94
558.772	25.09
558.977	29.18
559.181	20.99
559.386	-13.82
559.59	18.94
559.795	25.09
559.999	31.23
560.204	6.66
560.408	-17.92
560.613	35.33
560.817	31.23
561.021	-9.73
561.226	55.81
561.43	-9.73
561.635	-5.63
561.839	14.85
562.043	4.61
562.248	-17.92
562.452	-1.54
562.656	16.9
562.861	64
563.065	-3.58
563.269	35.33
563.474	18.94
563.678	27.14
563.882	-1.54
564.086	-9.73
564.291	37.38
564.495	43.52
564.699	25.09
564.903	10.75
565.107	0.51
565.311	37.38
565.516	20.99
565.72	59.9
565.924	90.62
566.128	14.85
566.332	-19.97
566.536	-30.21
566.74	-40.45
566.944	16.9
567.148	-44.54
567.352	68.09
567.556	0.51
567.76	51.71
567.964	23.04
568.168	80.38
568.372	25.09
568.576	98.81
568.78	59.9
568.984	-17.92
569.188	76.29
569.392	39.42
569.595	64
569.799	18.94
570.003	31.23
570.207	45.57
570.411	2.56
570.615	0.51
570.818	-13.82
571.022	49.66
571.226	-28.16
571.43	8.7
571.633	-15.87
571.837	-17.92
572.041	55.81
572.244	-26.11
572.448	10.75
572.652	-19.97
572.855	25.09
573.059	-36.35
573.263	4.61
573.466	39.42
573.67	45.57
573.873	20.99
574.077	27.14
574.28	4.61
574.484	8.7
574.687	27.14
574.891	-11.78
575.094	-9.73
575.298	2.56
575.501	29.18
575.705	59.9
575.908	104.96
576.112	6.66
576.315	0.51
576.518	-40.45
576.722	25.09
576.925	47.62
577.129	-5.63
577.332	18.94
577.535	-15.87
577.739	23.04
577.942	12.8
578.145	12.8
578.348	8.7
578.552	2.56
578.755	23.04
578.958	51.71
579.161	-30.21
579.365	37.38
579.568	29.18
579.771	-67.07
579.974	59.9
580.177	-30.21
580.38	39.42
580.583	51.71
580.787	47.62
580.99	27.14
581.193	61.95
581.396	-34.3
581.599	14.85
581.802	-67.07
582.005	6.66
582.208	98.81
582.411	-42.5
582.614	35.33
582.817	57.86
583.02	53.76
583.223	-19.97
583.426	10.75
583.629	-32.26
583.831	57.86
584.034	4.61
584.237	29.18
584.44	27.14
584.643	-26.11
584.846	-3.58
585.049	90.62
585.251	-7.68
585.454	37.38
585.657	8.7
585.86	-9.73
586.062	29.18
586.265	57.86
586.468	57.86
586.671	14.85
586.873	-9.73
587.076	25.09
587.279	-30.21
587.481	29.18
587.684	41.47
587.886	4.61
588.089	-24.06
588.292	31.23
588.494	16.9
588.697	-3.58
588.899	72.19
589.102	35.33
589.304	45.57
589.507	-26.11
589.709	80.38
589.912	2.56
590.114	-15.87
590.317	-1.54
590.519	-11.78
590.722	45.57
590.924	6.66
591.126	16.9
591.329	111.1
591.531	-28.16
591.734	18.94
591.936	18.94
592.138	20.99
592.341	66.05
592.543	45.57
592.745	64
592.947	37.38
593.15	37.38
593.352	72.19
593.554	0.51
593.756	4.61
593.959	-1.54
594.161	-22.02
594.363	0.51
594.565	6.66
594.767	51.71
594.969	45.57
595.171	14.85
595.374	41.47
595.576	-17.92
595.778	86.53
595.98	14.85
596.182	35.33
596.384	66.05
596.586	6.66
596.788	55.81
596.99	39.42
597.192	-9.73
597.394	84.48
597.596	2.56
597.798	57.86
598	55.81
598.202	-9.73
598.403	23.04
598.605	23.04
598.807	25.09
599.009	14.85
599.211	72.19
599.413	29.18
599.615	70.14
599.816	35.33
600.018	51.71
600.22	-7.68
600.422	16.9
600.623	39.42
600.825	10.75
601.027	-73.21
601.228	-34.3
601.43	-5.63
601.632	35.33
601.833	23.04
602.035	33.28
602.237	14.85
602.438	29.18
602.64	68.09
602.842	-13.82
603.043	8.7
603.245	12.8
603.446	14.85
603.648	-15.87
603.849	-13.82
604.051	2.56
604.252	-1.54
604.454	0.51
604.655	12.8
604.857	45.57
605.058	102.91
605.259	18.94
605.461	100.86
605.662	47.62
605.864	27.14
606.065	14.85
606.266	-79.36
606.468	-1.54
606.669	61.95
606.87	-1.54
607.072	-11.78
607.273	41.47
607.474	8.7
607.675	6.66
607.877	8.7
608.078	61.95
608.279	90.62
608.48	-34.3
608.681	-34.3
608.883	23.04
609.084	-9.73
609.285	37.38
609.486	-26.11
609.687	-7.68
609.888	14.85
610.089	2.56
610.29	90.62
610.491	37.38
610.692	68.09
610.893	-48.64
611.094	55.81
611.295	-46.59
611.496	86.53
611.697	35.33
611.898	18.94
612.099	37.38
612.3	-1.54
612.501	0.51
612.702	14.85
612.903	90.62
613.104	-1.54
613.305	10.75
613.505	2.56
613.706	-5.63
613.907	-17.92
614.108	-48.64
614.309	88.57
614.509	43.52
614.71	66.05
614.911	-38.4
615.112	-7.68
615.312	-60.93
615.513	12.8
615.714	-26.11
615.914	18.94
616.115	-9.73
616.316	14.85
616.516	-17.92
616.717	51.71
616.918	14.85
617.118	35.33
617.319	-15.87
617.519	-62.98
617.72	-26.11
617.92	14.85
618.121	16.9
618.321	-22.02
618.522	-22.02
618.722	23.04
618.923	8.7
619.123	10.75
619.324	68.09
619.524	-19.97
619.724	-40.45
619.925	-24.06
620.125	10.75
620.326	0.51
620.526	25.09
620.726	2.56
620.927	31.23
621.127	18.94
621.327	61.95
621.527	6.66
621.728	45.57
621.928	10.75
622.128	23.04
622.328	8.7
622.529	4.61
622.729	-36.35
622.929	6.66
623.129	-13.82
623.329	10.75
623.529	-46.59
623.73	29.18
623.93	31.23
624.13	-36.35
624.33	51.71
624.53	-44.54
624.73	33.28
624.93	-54.78
625.13	88.57
625.33	8.7
625.53	-24.06
625.73	6.66
625.93	35.33
626.13	59.9
626.33	-1.54
626.53	-3.58
626.73	-60.93
626.929	29.18
627.129	-26.11
627.329	4.61
627.529	14.85
627.729	6.66
627.929	49.66
628.128	-13.82
628.328	41.47
628.528	14.85
628.728	31.23
628.928	33.28
629.127	20.99
629.327	35.33
629.527	-26.11
629.726	-54.78
629.926	37.38
630.126	16.9
630.325	59.9
630.525	-13.82
630.725	16.9
630.924	14.85
631.124	80.38
631.323	-15.87
631.523	14.85
631.722	18.94
631.922	47.62
632.122	35.33
632.321	-24.06
632.521	18.94
632.72	-17.92
632.919	-77.31
633.119	31.23
633.318	12.8
633.518	23.04
633.717	-26.11
633.917	29.18
634.116	61.95
634.315	12.8
634.515	88.57
634.714	45.57
634.913	18.94
635.113	-17.92
635.312	-36.35
635.511	82.43
635.71	-54.78
635.91	-42.5
636.109	107.01
636.308	-60.93
636.507	61.95
636.706	18.94
636.906	70.14
637.105	47.62
637.304	6.66
637.503	14.85
637.702	72.19
637.901	47.62
638.1	6.66
638.299	41.47
638.499	72.19
638.698	76.29
638.897	61.95
639.096	76.29
639.295	8.7
639.494	-44.54
639.693	-5.63
639.892	-75.26
640.09	-7.68
640.289	-13.82
640.488	-48.64
640.687	70.14
640.886	18.94
641.085	20.99
641.284	37.38
641.483	-30.21
641.682	14.85
641.88	-1.54
642.079	57.86
642.278	-7.68
642.477	-15.87
642.675	25.09
642.874	86.53
643.073	47.62
643.272	-9.73
643.47	-38.4
643.669	0.51
643.868	-3.58
644.066	6.66
644.265	-36.35
644.464	47.62
644.662	-28.16
644.861	31.23
645.059	88.57
645.258	86.53
645.457	10.75
645.655	-3.58
645.854	27.14
646.052	-11.78
646.251	-17.92
646.449	96.77
646.648	74.24
646.846	27.14
647.044	2.56
647.243	53.76
647.441	33.28
647.64	-13.82
647.838	-28.16
648.036	86.53
648.235	10.75
648.433	37.38
648.631	-32.26
648.83	-15.87
649.028	10.75
649.226	4.61
649.425	8.7
649.623	33.28
649.821	18.94
650.019	39.42
650.218	41.47
650.416	6.66
650.614	-17.92
650.812	31.23
651.01	12.8
651.208	72.19
651.406	35.33
651.605	-5.63
651.803	31.23
652.001	0.51
652.199	23.04
652.397	-32.26
652.595	-22.02
652.793	-3.58
652.991	18.94
653.189	27.14
653.387	-3.58
653.585	-5.63
653.783	14.85
653.981	39.42
654.179	12.8
654.377	2.56
654.574	6.66
654.772	-19.97
654.97	2.56
655.168	-30.21
655.366	20.99
655.564	39.42
655.761	-46.59
655.959	-19.97
656.157	88.57
656.355	27.14
656.553	55.81
656.75	20.99
656.948	16.9
657.146	14.85
657.343	-48.64
657.541	29.18
657.739	31.23
657.936	-9.73
658.134	51.71
658.332	33.28
658.529	76.29
658.727	-5.63
658.924	-5.63
659.122	-42.5
659.319	43.52
659.517	-22.02
659.714	10.75
659.912	-50.69
660.109	0.51
660.307	-19.97
660.504	47.62
660.702	-30.21
660.899	2.56
661.097	45.57
661.294	-1.54
661.491	59.9
661.689	-3.58
661.886	2.56
662.083	37.38
662.281	31.23
662.478	-15.87
662.675	68.09
662.873	-50.69
663.07	0.51
663.267	51.71
663.464	-48.64
663.662	-17.92
663.859	-34.3
664.056	4.61
664.253	27.14
664.45	-3.58
664.647	-11.78
664.845	-58.88
665.042	-9.73
665.239	53.76
665.436	4.61
665.633	-3.58
665.83	-40.45
666.027	2.56
666.224	41.47
666.421	-15.87
666.618	53.76
666.815	29.18
667.012	-11.78
667.209	-17.92
667.406	64
667.603	31.23
667.8	33.28
667.997	4.61
668.194	2.56
668.39	-7.68
668.587	25.09
668.784	-7.68
668.981	29.18
669.178	-87.55
669.375	39.42
669.571	31.23
669.768	-19.97
669.965	16.9
670.162	29.18
670.358	55.81
670.555	-32.26
670.752	41.47
670.948	-3.58
671.145	-7.68
671.342	2.56
671.538	55.81
671.735	-32.26
671.932	14.85
672.128	37.38
672.325	-5.63
672.521	-19.97
672.718	45.57
672.914	-17.92
673.111	61.95
673.307	57.86
673.504	-26.11
673.7	23.04
673.897	4.61
674.093	45.57
674.29	18.94
674.486	68.09
674.682	31.23
674.879	10.75
675.075	-40.45
675.272	43.52
675.468	27.14
675.664	-5.63
675.861	-38.4
676.057	-26.11
676.253	18.94
676.449	27.14
676.646	20.99
676.842	45.57
677.038	-36.35
677.234	43.52
677.43	31.23
677.627	-13.82
677.823	111.1
678.019	53.76
678.215	-3.58
678.411	39.42
678.607	-28.16
678.803	23.04
678.999	45.57
679.196	-7.68
679.392	-9.73
679.588	18.94
679.784	20.99
679.98	6.66
680.176	-24.06
680.372	10.75
680.568	57.86
680.763	29.18
680.959	43.52
681.155	39.42
681.351	14.85
681.547	35.33
681.743	-26.11
681.939	27.14
682.135	29.18
682.33	20.99
682.526	41.47
682.722	-48.64
682.918	-3.58
683.114	35.33
683.309	4.61
683.505	-13.82
683.701	-40.45
683.897	51.71
684.092	-28.16
684.288	37.38
684.484	16.9
684.679	-48.64
684.875	31.23
685.07	59.9
685.266	-28.16
685.462	-34.3
685.657	-24.06
685.853	12.8
686.048	-9.73
686.244	-3.58
686.439	29.18
686.635	29.18
686.83	70.14
687.026	2.56
687.221	2.56
687.417	0.51
687.612	53.76
687.807	-38.4
688.003	20.99
688.198	-19.97
688.394	23.04
688.589	-44.54
688.784	-30.21
688.98	4.61
689.175	-28.16
689.37	35.33
689.565	57.86
689.761	47.62
689.956	29.18
690.151	51.71
690.346	49.66
690.542	-15.87
690.737	10.75
690.932	-5.63
691.127	102.91
691.322	12.8
691.517	31.23
691.713	-30.21
691.908	-3.58
692.103	64
692.298	4.61
692.493	6.66
692.688	-7.68
692.883	-38.4
693.078	72.19
693.273	2.56
693.468	23.04
693.663	57.86
693.858	2.56
694.053	18.94
694.248	55.81
694.443	39.42
694.637	20.99
694.832	74.24
695.027	45.57
695.222	-30.21
695.417	12.8
695.612	-42.5
695.806	8.7
696.001	39.42
696.196	47.62
696.391	29.18
696.585	57.86
696.78	10.75
696.975	-19.97
697.17	84.48
697.364	2.56
697.559	-83.45
697.754	55.81
697.948	49.66
698.143	-22.02
698.337	4.61
698.532	-13.82
698.727	-34.3
698.921	29.18
699.116	-5.63
699.31	-38.4
699.505	88.57
699.699	-46.59
699.894	70.14
700.088	64
700.283	-17.92
700.477	35.33
700.671	14.85
700.866	-5.63
701.06	47.62
701.255	6.66
701.449	-19.97
701.643	76.29
701.838	-1.54
702.032	35.33
702.226	10.75
702.421	-13.82
702.615	-28.16
702.809	8.7
703.003	-38.4
703.198	29.18
703.392	45.57
703.586	14.85
703.78	25.09
703.974	6.66
704.169	-52.74
704.363	6.66
704.557	-50.69
704.751	-11.78
704.945	78.33
705.139	39.42
705.333	-9.73
705.527	-11.78
705.721	61.95
705.915	27.14
706.109	18.94
706.303	70.14
706.497	14.85
706.691	51.71
706.885	6.66
707.079	35.33
707.273	16.9
707.467	14.85
707.661	43.52
707.855	27.14
708.048	20.99
708.242	-22.02
708.436	-19.97
708.63	29.18
708.824	-34.3
709.018	14.85
709.211	-17.92
709.405	27.14
709.599	41.47
709.792	47.62
709.986	6.66
710.18	-17.92
710.374	-32.26
710.567	-50.69
710.761	-26.11
710.954	12.8
711.148	33.28
711.342	53.76
711.535	-42.5
711.729	64
711.922	-9.73
712.116	-54.78
712.309	14.85
712.503	72.19
712.696	-32.26
712.89	104.96
713.083	20.99
713.277	-7.68
713.47	31.23
713.664	90.62
713.857	94.72
714.05	68.09
714.244	-15.87
714.437	49.66
714.631	-71.17
714.824	49.66
715.017	35.33
715.21	74.24
715.404	14.85
715.597	61.95
715.79	16.9
715.984	39.42
716.177	-34.3
716.37	-3.58
716.563	45.57
716.756	47.62
716.949	45.57
717.143	66.05
717.336	2.56
717.529	-7.68
717.722	-9.73
717.915	59.9
718.108	-5.63
718.301	43.52
718.494	-9.73
718.687	-5.63
718.88	-32.26
719.073	33.28
719.266	16.9
719.459	-17.92
719.652	96.77
719.845	20.99
720.038	-7.68
720.231	-7.68
720.424	-5.63
720.617	49.66
720.809	-7.68
721.002	-19.97
721.195	4.61
721.388	-44.54
721.581	-19.97
721.774	43.52
721.966	-9.73
722.159	51.71
722.352	25.09
722.544	20.99
722.737	18.94
722.93	10.75
723.123	27.14
723.315	-13.82
723.508	6.66
723.701	39.42
723.893	-42.5
724.086	59.9
724.278	29.18
724.471	-3.58
724.663	37.38
724.856	29.18
725.048	-1.54
725.241	45.57
725.433	-26.11
725.626	-17.92
725.818	57.86
726.011	29.18
726.203	4.61
726.396	37.38
726.588	-15.87
726.78	18.94
726.973	-13.82
727.165	10.75
727.358	-24.06
727.55	59.9
727.742	-7.68
727.934	-3.58
728.127	25.09
728.319	43.52
728.511	33.28
728.704	84.48
728.896	-17.92
729.088	76.29
729.28	18.94
729.472	6.66
729.664	10.75
729.857	14.85
730.049	41.47
730.241	39.42
730.433	14.85
730.625	20.99
730.817	-15.87
731.009	-7.68
731.201	-19.97
731.393	-1.54
731.585	-13.82
731.777	2.56
731.969	-3.58
732.161	16.9
732.353	4.61
732.545	6.66
732.737	35.33
732.929	-34.3
733.121	31.23
733.313	53.76
733.504	27.14
733.696	70.14
733.888	10.75
734.08	51.71
734.272	51.71
734.463	20.99
734.655	4.61
734.847	45.57
735.039	14.85
735.23	61.95
735.422	55.81
735.614	35.33
735.805	72.19
735.997	-11.78
736.189	-28.16
736.38	-71.17
736.572	29.18
736.764	41.47
736.955	-30.21
737.147	-62.98
737.338	6.66
737.53	33.28
737.721	41.47
737.913	14.85
738.104	10.75
738.296	-17.92
738.487	20.99
738.679	45.57
738.87	-89.6
739.061	49.66
739.253	-5.63
739.444	-75.26
739.636	18.94
739.827	61.95
740.018	-11.78
740.21	16.9
740.401	-46.59
740.592	-48.64
740.783	-15.87
740.975	70.14
741.166	16.9
741.357	2.56
741.548	-26.11
741.74	4.61
741.931	43.52
742.122	12.8
742.313	70.14
742.504	27.14
742.695	125.44
742.886	0.51
743.077	-32.26
743.269	-19.97
743.46	2.56
743.651	4.61
743.842	23.04
744.033	14.85
744.224	66.05
744.415	61.95
744.606	-36.35
744.797	16.9
744.987	-15.87
745.178	29.18
745.369	25.09
745.56	-3.58
745.751	23.04
745.942	47.62
746.133	12.8
746.324	-19.97
746.514	45.57
746.705	-1.54
746.896	-7.68
747.087	29.18
747.277	-62.98
747.468	12.8
747.659	64
747.85	2.56
748.04	14.85
748.231	84.48
748.422	37.38
748.612	74.24
748.803	-7.68
748.993	68.09
749.184	2.56
749.375	113.15
749.565	10.75
749.756	61.95
749.946	31.23
750.137	31.23
750.327	37.38
750.518	-17.92
750.708	70.14
750.899	41.47
751.089	-42.5
751.279	-11.78
751.47	-1.54
751.66	61.95
751.851	14.85
752.041	-15.87
752.231	-30.21
752.422	-36.35
752.612	55.81
752.802	41.47
752.993	61.95
753.183	18.94
753.373	45.57
753.563	55.81
753.754	39.42
753.944	14.85
754.134	10.75
754.324	18.94
754.514	-22.02
754.704	-40.45
754.895	33.28
755.085	-26.11
755.275	55.81
755.465	-9.73
755.655	-34.3
755.845	6.66
756.035	-1.54
756.225	-5.63
756.415	76.29
756.605	12.8
756.795	18.94
756.985	18.94
757.175	-13.82
757.365	-26.11
757.555	47.62
757.745	37.38
757.934	25.09
758.124	8.7
758.314	20.99
758.504	68.09
758.694	-19.97
758.884	45.57
759.073	10.75
759.263	31.23
759.453	37.38
759.643	31.23
759.832	41.47
760.022	59.9
760.212	16.9
760.401	59.9
760.591	88.57
760.781	18.94
760.97	-22.02
761.16	14.85
761.35	76.29
761.539	43.52
761.729	100.86
761.918	41.47
762.108	23.04
762.297	51.71
762.487	35.33
762.676	29.18
762.866	2.56
763.055	41.47
763.245	23.04
763.434	66.05
763.624	-3.58
763.813	6.66
764.002	12.8
764.192	121.34
764.381	16.9
764.57	-1.54
764.76	94.72
764.949	41.47
765.138	-26.11
765.328	-26.11
765.517	53.76
765.706	55.81
765.895	41.47
766.085	0.51
766.274	-3.58
766.463	43.52
766.652	47.62
766.841	-11.78
767.03	-5.63
767.219	-24.06
767.409	-1.54
767.598	27.14
767.787	84.48
767.976	23.04
768.165	45.57
768.354	12.8
768.543	29.18
768.732	16.9
768.921	72.19
769.11	-46.59
769.299	64
769.488	29.18
769.677	-13.82
769.865	43.52
770.054	33.28
770.243	31.23
770.432	57.86
770.621	-75.26
770.81	31.23
770.998	-26.11
771.187	-28.16
771.376	-58.88
771.565	41.47
771.754	25.09
771.942	18.94
772.131	8.7
772.32	-15.87
772.508	53.76
772.697	94.72
772.886	18.94
773.074	-62.98
773.263	37.38
773.451	53.76
773.64	6.66
773.829	6.66
774.017	18.94
774.206	6.66
774.394	39.42
774.583	-24.06
774.771	0.51
774.96	39.42
775.148	-19.97
775.337	-1.54
775.525	6.66
775.713	-36.35
775.902	23.04
776.09	-7.68
776.279	10.75
776.467	61.95
776.655	-13.82
776.844	51.71
777.032	70.14
777.22	2.56
777.408	70.14
777.597	12.8
777.785	-1.54
777.973	-38.4
778.161	14.85
778.35	61.95
778.538	-3.58
778.726	59.9
778.914	-58.88
779.102	-5.63
779.29	102.91
779.478	20.99
779.666	-34.3
779.854	8.7
780.043	33.28
780.231	-1.54
780.419	43.52
780.607	2.56
780.795	23.04
780.983	0.51
781.17	0.51
781.358	14.85
781.546	51.71
781.734	-60.93
781.922	27.14
782.11	-46.59
782.298	-1.54
782.486	-7.68
782.674	45.57
782.861	27.14
783.049	-40.45
783.237	-15.87
783.425	-30.21
783.612	37.38
783.8	94.72
783.988	53.76
784.176	37.38
784.363	4.61
784.551	35.33
784.739	-22.02
784.926	-42.5
785.114	-34.3
785.301	88.57
785.489	-19.97
785.677	39.42
785.864	39.42
786.052	-17.92
786.239	29.18
786.427	94.72
786.614	-1.54
786.802	74.24
786.989	47.62
787.177	-32.26
787.364	37.38
787.551	39.42
787.739	25.09
787.926	6.66
788.114	23.04
788.301	27.14
788.488	29.18
788.676	23.04
788.863	27.14
789.05	-71.17
789.238	-15.87
789.425	41.47
789.612	-1.54
789.799	-7.68
789.986	18.94
790.174	43.52
790.361	-3.58
790.548	31.23
790.735	33.28
790.922	70.14
791.109	37.38
791.296	0.51
791.484	23.04
791.671	-5.63
791.858	-7.68
792.045	29.18
792.232	-17.92
792.419	-17.92
792.606	-15.87
792.793	27.14
792.98	-17.92
793.167	-1.54
793.353	10.75
793.54	68.09
793.727	37.38
793.914	47.62
794.101	61.95
794.288	25.09
794.475	37.38
794.662	12.8
794.848	25.09
795.035	12.8
795.222	12.8
795.409	-19.97
795.595	80.38
795.782	29.18
795.969	47.62
796.155	33.28
796.342	-22.02
796.529	-9.73
796.715	-34.3
796.902	-5.63
797.089	10.75
797.275	57.86
797.462	-13.82
797.648	33.28
797.835	6.66
798.021	29.18
798.208	-13.82
798.394	-28.16
798.581	-36.35
798.767	0.51
798.954	35.33
799.14	0.51
799.327	33.28
799.513	6.66
799.699	72.19
799.886	84.48
800.072	37.38
800.258	76.29
800.445	33.28
800.631	-11.78
800.817	27.14
801.004	41.47
801.19	51.71
801.376	-38.4
801.562	-9.73
801.749	18.94
801.935	-36.35
802.121	2.56
802.307	-24.06
802.493	-3.58
802.679	14.85
802.866	16.9
803.052	-58.88
803.238	16.9
803.424	23.04
803.61	-38.4
803.796	-42.5
803.982	-7.68
804.168	37.38
804.354	-24.06
804.54	39.42
804.726	25.09
804.912	-75.26
805.098	-9.73
805.283	-46.59
805.469	18.94
805.655	-38.4
805.841	57.86
806.027	27.14
806.213	47.62
806.399	-15.87
806.584	-9.73
806.77	14.85
806.956	10.75
807.142	29.18
807.327	-42.5
807.513	45.57
807.699	-5.63
807.884	-48.64
808.07	55.81
808.256	-7.68
808.441	64
808.627	23.04
808.813	-11.78
808.998	47.62
809.184	-26.11
809.369	-13.82
809.555	-19.97
809.74	55.81
809.926	23.04
810.111	23.04
810.297	-7.68
810.482	-93.69
810.668	-30.21
810.853	47.62
811.039	16.9
811.224	-101.89
811.409	-7.68
811.595	-32.26
811.78	90.62
811.965	10.75
812.151	-5.63
812.336	45.57
812.521	90.62
812.706	16.9
812.892	78.33
813.077	12.8
813.262	12.8
813.447	57.86
813.633	35.33
813.818	20.99
814.003	-32.26
814.188	-9.73
814.373	33.28
814.558	-13.82
814.743	27.14
814.928	2.56
815.113	61.95
815.298	68.09
815.483	57.86
815.668	37.38
815.853	18.94
816.038	102.91
816.223	2.56
816.408	4.61
816.593	8.7
816.778	37.38
816.963	-5.63
817.148	39.42
817.333	23.04
817.518	-1.54
817.702	70.14
817.887	-40.45
818.072	80.38
818.257	31.23
818.442	-15.87
818.626	72.19
818.811	23.04
818.996	6.66
819.18	2.56
819.365	37.38
819.55	41.47
819.734	10.75
819.919	64
820.104	-11.78
820.288	27.14
820.473	14.85
820.657	25.09
820.842	0.51
821.026	16.9
821.211	20.99
821.396	33.28
821.58	-28.16
821.764	78.33
821.949	-9.73
822.133	-15.87
822.318	76.29
822.502	-5.63
822.687	-11.78
822.871	23.04
823.055	-1.54
823.24	4.61
823.424	33.28
823.608	35.33
823.793	59.9
823.977	49.66
824.161	53.76
824.345	-24.06
824.53	16.9
824.714	39.42
824.898	6.66
825.082	86.53
825.266	14.85
825.45	68.09
825.635	-9.73
825.819	12.8
826.003	-5.63
826.187	107.01
826.371	-46.59
826.555	-13.82
826.739	-22.02
826.923	49.66
827.107	-1.54
827.291	-17.92
827.475	10.75
827.659	33.28
827.843	53.76
828.027	31.23
828.211	41.47
828.395	-36.35
828.578	-34.3
828.762	10.75
828.946	-34.3
829.13	35.33
829.314	51.71
829.498	12.8
829.681	66.05
829.865	-1.54
830.049	-19.97
830.233	80.38
830.416	29.18
830.6	45.57
830.784	-17.92
830.967	27.14
831.151	4.61
831.335	-7.68
831.518	10.75
831.702	137.73
831.885	-58.88
832.069	10.75
832.252	-50.69
832.436	14.85
832.619	29.18
832.803	2.56
832.986	-36.35
833.17	53.76
833.353	25.09
833.537	-36.35
833.72	-11.78
833.904	-9.73
834.087	-9.73
834.27	-11.78
834.454	-34.3
834.637	-56.83
834.82	4.61
835.004	-52.74
835.187	-28.16
835.37	53.76
835.553	88.57
835.737	35.33
835.92	12.8
836.103	49.66
836.286	47.62
836.469	4.61
836.653	39.42
836.836	10.75
837.019	66.05
837.202	25.09
837.385	8.7
837.568	-9.73
837.751	20.99
837.934	-42.5
838.117	-42.5
838.3	-26.11
838.483	-7.68
838.666	-7.68
838.849	20.99
839.032	-19.97
839.215	12.8
839.398	8.7
839.581	8.7
839.764	-50.69
839.947	10.75
840.129	14.85
840.312	-32.26
840.495	20.99
840.678	-5.63
840.861	53.76
841.043	4.61
841.226	-32.26
841.409	6.66
841.592	-22.02
841.774	-3.58
841.957	0.51
842.14	14.85
842.322	14.85
842.505	25.09
842.687	16.9
842.87	-17.92
843.053	8.7
843.235	49.66
843.418	41.47
843.6	-9.73
843.783	41.47
843.965	-15.87
844.148	57.86
844.33	23.04
844.513	-42.5
844.695	-13.82
844.878	6.66
845.06	39.42
845.242	8.7
845.425	29.18
845.607	18.94
845.789	59.9
845.972	-42.5
846.154	-1.54
846.336	-1.54
846.519	64
846.701	96.77
846.883	4.61
847.065	39.42
847.247	-17.92
847.43	16.9
847.612	-22.02
847.794	41.47
847.976	25.09
848.158	-9.73
848.34	37.38
848.522	-40.45
848.704	10.75
848.886	-34.3
849.069	-60.93
849.251	16.9
849.433	35.33
849.615	8.7
849.797	-15.87
849.978	16.9
850.16	25.09
850.342	41.47
850.524	-13.82
850.706	20.99
850.888	2.56
851.07	-56.83
851.252	-1.54
851.434	4.61
851.615	20.99
851.797	-26.11
851.979	-36.35
852.161	45.57
852.342	-17.92
852.524	49.66
852.706	25.09
852.887	43.52
853.069	35.33
853.251	8.7
853.432	47.62
853.614	-1.54
853.796	0.51
853.977	23.04
854.159	-15.87
854.34	16.9
854.522	-22.02
854.703	16.9
854.885	-7.68
855.066	0.51
855.248	-5.63
855.429	-22.02
855.611	-24.06
855.792	47.62
855.974	51.71
856.155	20.99
856.336	-3.58
856.518	-19.97
856.699	-13.82
856.881	-1.54
857.062	14.85
857.243	-15.87
857.424	51.71
857.606	10.75
857.787	2.56
857.968	-5.63
858.149	72.19
858.331	14.85
858.512	23.04
858.693	0.51
858.874	18.94
859.055	45.57
859.236	47.62
859.417	29.18
859.598	4.61
859.779	-3.58
859.961	14.85
860.142	0.51
860.323	59.9
860.504	-17.92
860.685	-26.11
860.865	-13.82
861.046	-24.06
861.227	-19.97
861.408	14.85
861.589	2.56
861.77	12.8
861.951	35.33
862.132	2.56
862.313	-28.16
862.493	33.28
862.674	29.18
862.855	-34.3
863.036	0.51
863.216	-30.21
863.397	8.7
863.578	45.57
863.759	-42.5
863.939	29.18
864.12	27.14
864.301	55.81
864.481	-11.78
864.662	-48.64
864.842	80.38
865.023	2.56
865.204	70.14
865.384	25.09
865.565	4.61
865.745	-32.26
865.926	10.75
866.106	-19.97
866.287	2.56
866.467	-15.87
866.648	51.71
866.828	4.61
867.008	45.57
867.189	18.94
867.369	16.9
867.549	39.42
867.73	10.75
867.91	45.57
868.09	37.38
868.271	-1.54
868.451	18.94
868.631	-48.64
868.811	72.19
868.992	51.71
869.172	53.76
869.352	-54.78
869.532	-73.21
869.712	12.8
869.892	27.14
870.073	45.57
870.253	6.66
870.433	16.9
870.613	45.57
870.793	-5.63
870.973	-19.97
871.153	-3.58
871.333	53.76
871.513	14.85
871.693	16.9
871.873	-1.54
872.053	-9.73
872.233	59.9
872.412	-24.06
872.592	4.61
872.772	4.61
872.952	-73.21
873.132	4.61
873.312	29.18
873.492	4.61
873.671	-5.63
873.851	39.42
874.031	16.9
874.211	23.04
874.39	10.75
874.57	-28.16
874.75	-3.58
874.929	29.18
875.109	29.18
875.289	31.23
875.468	-60.93
875.648	51.71
875.827	-15.87
876.007	16.9
876.186	16.9
876.366	-44.54
876.545	4.61
876.725	-11.78
876.904	53.76
877.084	66.05
877.263	-17.92
877.443	25.09
877.622	37.38
877.802	-17.92
877.981	-36.35
878.16	20.99
878.34	16.9
878.519	0.51
878.698	4.61
878.878	47.62
879.057	16.9
879.236	-11.78
879.415	-5.63
879.595	14.85
879.774	41.47
879.953	6.66
880.132	-3.58
880.311	64
880.49	70.14
880.67	12.8
880.849	-46.59
881.028	-60.93
881.207	47.62
881.386	-7.68
881.565	14.85
881.744	-9.73
881.923	-19.97
882.102	31.23
882.281	-50.69
882.46	4.61
882.639	-1.54
882.818	-1.54
882.997	-58.88
883.176	-17.92
883.354	2.56
883.533	12.8
883.712	-54.78
883.891	-54.78
884.07	61.95
884.249	25.09
884.427	29.18
884.606	35.33
884.785	23.04
884.964	-11.78
885.142	-26.11
885.321	51.71
885.5	25.09
885.678	29.18
885.857	6.66
886.036	39.42
886.214	33.28
886.393	-7.68
886.571	31.23
886.75	31.23
886.928	-36.35
887.107	10.75
887.285	37.38
887.464	-13.82
887.642	6.66
887.821	10.75
887.999	6.66
888.178	2.56
888.356	45.57
888.534	20.99
888.713	-24.06
888.891	20.99
889.07	25.09
889.248	-34.3
889.426	-26.11
889.604	-13.82
889.783	-15.87
889.961	8.7
890.139	-42.5
890.317	39.42
890.496	0.51
890.674	6.66
890.852	-9.73
891.03	-56.83
891.208	4.61
891.386	8.7
891.564	-7.68
891.742	-15.87
891.921	2.56
892.099	-13.82
892.277	29.18
892.455	-22.02
892.633	37.38
892.811	0.51
892.989	25.09
893.167	55.81
893.344	29.18
893.522	-15.87
893.7	-3.58
893.878	72.19
894.056	-32.26
894.234	-9.73
894.412	-19.97
894.589	-81.41
894.767	47.62
894.945	-24.06
895.123	-22.02
895.301	-9.73
895.478	-15.87
895.656	-17.92
895.834	27.14
896.011	12.8
896.189	64
896.367	16.9
896.544	4.61
896.722	31.23
896.899	23.04
897.077	-42.5
897.255	4.61
897.432	4.61
897.61	35.33
897.787	31.23
897.965	39.42
898.142	41.47
898.32	-28.16
898.497	55.81
898.674	23.04
898.852	76.29
899.029	27.14
899.207	47.62
899.384	-19.97
899.561	23.04
899.739	-9.73
899.916	23.04
900.093	20.99
900.27	29.18
900.448	-42.5
900.625	29.18
900.802	39.42
900.979	-24.06
901.156	14.85
901.334	-42.5
901.511	20.99
901.688	23.04
901.865	70.14
902.042	47.62
902.219	-71.17
902.396	14.85
902.573	12.8
902.75	14.85
902.927	-11.78
903.104	47.62
903.281	45.57
903.458	86.53
903.635	49.66
903.812	8.7
903.989	6.66
904.166	59.9
904.343	-1.54
904.52	8.7
904.696	4.61
904.873	-32.26
905.05	76.29
905.227	-50.69
905.404	-56.83
905.58	-32.26
905.757	78.33
905.934	-3.58
906.111	6.66
906.287	84.48
906.464	-42.5
906.641	4.61
906.817	-1.54
906.994	25.09
907.17	55.81
907.347	70.14
907.524	82.43
907.7	-30.21
907.877	-9.73
908.053	27.14
908.23	-11.78
908.406	29.18
908.583	37.38
908.759	27.14
908.935	61.95
909.112	27.14
909.288	-28.16
909.465	27.14
909.641	35.33
909.817	10.75
909.994	16.9
910.17	8.7
910.346	-1.54
910.523	12.8
910.699	45.57
910.875	-15.87
911.051	6.66
911.228	80.38
911.404	27.14
911.58	-11.78
911.756	6.66
911.932	-36.35
912.108	12.8
912.284	4.61
912.46	88.57
912.637	43.52
912.813	-19.97
912.989	6.66
913.165	27.14
913.341	23.04
913.517	14.85
913.693	31.23
913.869	-22.02
914.044	47.62
914.22	6.66
914.396	37.38
914.572	29.18
914.748	78.33
914.924	53.76
915.1	-3.58
915.276	20.99
915.451	12.8
915.627	-40.45
915.803	59.9
915.979	6.66
916.154	-1.54
916.33	82.43
916.506	-28.16
916.681	-17.92
916.857	-50.69
917.033	16.9
917.208	-19.97
917.384	47.62
917.56	-36.35
917.735	-13.82
917.911	8.7
918.086	39.42
918.262	-22.02
918.437	-1.54
918.613	-40.45
918.788	47.62
918.964	43.52
919.139	-1.54
919.314	33.28
919.49	23.04
919.665	18.94
919.841	18.94
920.016	-11.78
920.191	2.56
920.367	-26.11
920.542	27.14
920.717	23.04
920.892	25.09
921.068	-1.54
921.243	6.66
921.418	10.75
921.593	-54.78
921.769	-28.16
921.944	-1.54
922.119	-1.54
922.294	-7.68
922.469	-3.58
922.644	-9.73
922.819	43.52
922.994	-28.16
923.169	39.42
923.344	41.47
923.519	-42.5
923.694	53.76
923.869	37.38
924.044	14.85
924.219	0.51
924.394	-54.78
924.569	33.28
924.744	-5.63
924.919	6.66
925.094	4.61
925.268	16.9
925.443	39.42
925.618	-17.92
925.793	10.75
925.968	45.57
926.142	2.56
926.317	-5.63
926.492	12.8
926.666	31.23
926.841	18.94
927.016	25.09
927.19	12.8
927.365	12.8
927.54	12.8
927.714	96.77
927.889	4.61
928.063	6.66
928.238	39.42
928.412	64
928.587	-9.73
928.761	2.56
928.936	-17.92
929.11	8.7
929.285	37.38
929.459	-19.97
929.634	29.18
929.808	-9.73
929.982	0.51
930.157	6.66
930.331	23.04
930.505	39.42
930.68	27.14
930.854	27.14
931.028	59.9
931.202	12.8
931.377	10.75
931.551	33.28
931.725	41.47
931.899	51.71
932.073	12.8
932.247	70.14
932.422	-34.3
932.596	8.7
932.77	-17.92
932.944	-13.82
933.118	-26.11
933.292	27.14
933.466	-85.5
933.64	49.66
933.814	47.62
933.988	-30.21
934.162	4.61
934.336	-60.93
934.51	82.43
934.683	-9.73
934.857	74.24
935.031	-30.21
935.205	18.94
935.379	45.57
935.553	-50.69
935.726	68.09
935.9	14.85
936.074	-34.3
936.248	92.67
936.421	2.56
936.595	-19.97
936.769	76.29
936.943	66.05
937.116	14.85
937.29	-32.26
937.463	6.66
937.637	-24.06
937.811	-19.97
937.984	20.99
938.158	49.66
938.331	-15.87
938.505	-44.54
938.678	92.67
938.852	88.57
939.025	16.9
939.199	88.57
939.372	-17.92
939.545	-17.92
939.719	55.81
939.892	-34.3
940.066	37.38
940.239	35.33
940.412	-17.92
940.586	23.04
940.759	39.42
940.932	-15.87
941.105	-1.54
941.279	37.38
941.452	25.09
941.625	4.61
941.798	20.99
941.971	-13.82
942.144	-42.5
942.318	-42.5
942.491	31.23
942.664	47.62
942.837	12.8
943.01	20.99
943.183	80.38
943.356	6.66
943.529	37.38
943.702	57.86
943.875	-15.87
944.048	45.57
944.221	27.14
944.394	72.19
944.567	90.62
944.74	59.9
944.912	29.18
945.085	-19.97
945.258	20.99
945.431	-38.4
945.604	14.85
945.776	31.23
945.949	14.85
946.122	51.71
946.295	-30.21
946.467	-22.02
946.64	27.14
946.813	35.33
946.985	-17.92
947.158	-38.4
947.331	20.99
947.503	29.18
947.676	45.57
947.848	-5.63
948.021	16.9
948.194	-24.06
948.366	35.33
948.539	-1.54
948.711	-30.21
948.883	53.76
949.056	-19.97
949.228	31.23
949.401	51.71
949.573	37.38
949.746	-24.06
949.918	35.33
950.09	4.61
950.263	45.57
950.435	-13.82
950.607	35.33
950.779	-5.63
950.952	-17.92
951.124	-54.78
951.296	2.56
951.468	23.04
951.64	12.8
951.813	-3.58
951.985	0.51
952.157	20.99
952.329	35.33
952.501	61.95
952.673	59.9
952.845	8.7
953.017	-9.73
953.189	18.94
953.361	-19.97
953.533	8.7
953.705	-58.88
953.877	8.7
954.049	-73.21
954.221	2.56
954.393	29.18
954.565	-38.4
954.737	78.33
954.909	-24.06
955.08	18.94
955.252	41.47
955.424	14.85
955.596	6.66
955.768	-22.02
955.939	29.18
956.111	-5.63
956.283	-30.21
956.454	12.8
956.626	39.42
956.798	25.09
956.969	23.04
957.141	-3.58
957.313	-3.58
957.484	18.94
957.656	59.9
957.827	4.61
957.999	8.7
958.17	-38.4
958.342	37.38
958.513	47.62
958.685	-38.4
958.856	31.23
959.028	43.52
959.199	16.9
959.37	-30.21
959.542	-1.54
959.713	47.62
959.884	10.75
960.056	-11.78
960.227	14.85
960.398	61.95
960.57	-17.92
960.741	23.04
960.912	20.99
961.083	35.33
961.254	-7.68
961.426	-3.58
961.597	12.8
961.768	59.9
961.939	-11.78
962.11	0.51
962.281	-9.73
962.452	23.04
962.623	-13.82
962.794	23.04
962.965	59.9
963.136	-7.68
963.307	16.9
963.478	4.61
963.649	-1.54
963.82	14.85
963.991	43.52
964.162	25.09
964.333	2.56
964.504	4.61
964.675	-38.4
964.845	-36.35
965.016	-15.87
965.187	51.71
965.358	12.8
965.529	-83.45
965.699	29.18
965.87	-1.54
966.041	43.52
966.211	-42.5
966.382	16.9
966.553	37.38
966.723	33.28
966.894	78.33
967.065	-1.54
967.235	-3.58
967.406	-36.35
967.576	-1.54
967.747	43.52
967.917	43.52
968.088	27.14
968.258	6.66
968.429	49.66
968.599	33.28
968.769	-56.83
968.94	-9.73
969.11	-50.69
969.281	-50.69
969.451	29.18
969.621	25.09
969.792	47.62
969.962	10.75
970.132	25.09
970.302	68.09
970.473	-1.54
970.643	29.18
970.813	31.23
970.983	49.66
971.153	-7.68
971.324	-36.35
971.494	23.04
971.664	43.52
971.834	61.95
972.004	14.85
972.174	2.56
972.344	29.18
972.514	29.18
972.684	37.38
972.854	-17.92
973.024	-17.92
973.194	49.66
973.364	-32.26
973.534	-40.45
973.704	14.85
973.874	29.18
974.043	-17.92
974.213	29.18
974.383	12.8
974.553	55.81
974.723	-11.78
974.893	53.76
975.062	-17.92
975.232	64
975.402	-1.54
975.571	-9.73
975.741	39.42
975.911	41.47
976.08	61.95
976.25	20.99
976.42	43.52
976.589	35.33
976.759	-13.82
976.928	41.47
977.098	-30.21
977.267	14.85
977.437	20.99
977.606	2.56
977.776	12.8
977.945	37.38
978.115	72.19
978.284	55.81
978.454	-28.16
978.623	53.76
978.792	18.94
978.962	64
979.131	-5.63
979.3	27.14
979.47	-5.63
979.639	27.14
979.808	-54.78
979.977	18.94
980.147	49.66
980.316	-42.5
980.485	100.86
980.654	4.61
980.823	20.99
980.992	-30.21
981.162	16.9
981.331	14.85
981.5	-1.54
981.669	-9.73
981.838	78.33
982.007	51.71
982.176	-60.93
982.345	2.56
982.514	31.23
982.683	49.66
982.852	45.57
983.021	88.57
983.19	35.33
983.358	88.57
983.527	51.71
983.696	-7.68
983.865	47.62
984.034	27.14
984.203	16.9
984.371	51.71
984.54	49.66
984.709	45.57
984.878	-9.73
985.046	0.51
985.215	25.09
985.384	23.04
985.552	4.61
985.721	-1.54
985.889	-17.92
986.058	-52.74
986.227	55.81
986.395	2.56
986.564	39.42
986.732	-32.26
986.901	12.8
987.069	68.09
987.238	29.18
987.406	-38.4
987.575	20.99
987.743	35.33
987.911	84.48
988.08	-9.73
988.248	-32.26
988.416	-24.06
988.585	-36.35
988.753	-3.58
988.921	-9.73
989.09	51.71
989.258	-7.68
989.426	23.04
989.594	-34.3
989.763	-38.4
989.931	27.14
990.099	-11.78
990.267	-26.11
990.435	-24.06
990.603	-7.68
990.771	35.33
990.939	41.47
991.107	6.66
991.275	2.56
991.443	0.51
991.611	-3.58
991.779	20.99
991.947	-1.54
992.115	2.56
992.283	-5.63
992.451	-56.83
992.619	-13.82
992.787	-3.58
992.955	47.62
993.123	14.85
993.29	-93.69
993.458	-9.73
993.626	47.62
993.794	31.23
993.962	8.7
994.129	-13.82
994.297	72.19
994.465	14.85
994.632	2.56
994.8	51.71
994.968	29.18
995.135	-5.63
995.303	35.33
995.47	-19.97
995.638	-7.68
995.806	-17.92
995.973	20.99
996.141	10.75
996.308	90.62
996.476	80.38
996.643	47.62
996.81	29.18
996.978	8.7
997.145	-58.88
997.313	35.33
997.48	-73.21
997.647	16.9
997.815	-7.68
997.982	100.86
998.149	-9.73
998.317	-1.54
998.484	8.7
998.651	35.33
998.818	47.62
998.986	16.9
999.153	-17.92
999.32	20.99
999.487	37.38
999.654	20.99
999.821	53.76
999.988	70.14
1000.155	70.14
1000.323	57.86
1000.49	-56.83
1000.657	-7.68
1000.824	0.51
1000.991	37.38
1001.158	-1.54
1001.324	-73.21
1001.491	6.66
1001.658	-22.02
1001.825	4.61
1001.992	12.8
1002.159	23.04
1002.326	29.18
1002.493	29.18
1002.659	20.99
1002.826	-44.54
1002.993	-1.54
1003.16	-22.02
1003.326	51.71
1003.493	53.76
1003.66	0.51
1003.827	-3.58
1003.993	-26.11
1004.16	-5.63
1004.326	14.85
1004.493	12.8
1004.66	-5.63
1004.826	8.7
1004.993	35.33
1005.159	61.95
1005.326	-7.68
1005.492	-28.16
1005.659	37.38
1005.825	78.33
1005.992	45.57
1006.158	68.09
1006.325	100.86
1006.491	-3.58
1006.657	16.9
1006.824	-32.26
1006.99	4.61
1007.156	41.47
1007.323	2.56
1007.489	-44.54
1007.655	-22.02
1007.821	82.43
1007.988	-11.78
1008.154	23.04
1008.32	-1.54
1008.486	-34.3
1008.652	-42.5
1008.818	-60.93
1008.985	-26.11
1009.151	18.94
1009.317	66.05
1009.483	43.52
1009.649	-26.11
1009.815	23.04
1009.981	86.53
1010.147	68.09
1010.313	86.53
1010.479	25.09
1010.645	43.52
1010.811	20.99
1010.976	47.62
1011.142	41.47
1011.308	-17.92
1011.474	35.33
1011.64	-24.06
1011.806	-17.92
1011.971	-19.97
1012.137	-7.68
1012.303	18.94
1012.469	27.14
1012.634	10.75
1012.8	10.75
1012.966	37.38
1013.131	10.75
1013.297	39.42
1013.463	31.23
1013.628	70.14
1013.794	-19.97
1013.959	-11.78
1014.125	-13.82
1014.291	25.09
1014.456	100.86
1014.622	-17.92
1014.787	-54.78
1014.952	10.75
1015.118	-9.73
1015.283	-1.54
1015.449	-36.35
1015.614	-1.54
1015.779	4.61
1015.945	-30.21
1016.11	10.75
1016.275	47.62
1016.441	66.05
1016.606	14.85
1016.771	2.56
1016.937	-22.02
1017.102	-24.06
1017.267	-9.73
1017.432	16.9
1017.597	-11.78
1017.762	-1.54
1017.928	23.04
1018.093	-24.06
1018.258	23.04
1018.423	72.19
1018.588	37.38
1018.753	23.04
1018.918	-15.87
1019.083	20.99
1019.248	-34.3
1019.413	45.57
1019.578	68.09
1019.743	-32.26
1019.908	-28.16
1020.073	29.18
1020.237	4.61
1020.402	61.95
1020.567	14.85
1020.732	-15.87
1020.897	6.66
1021.062	10.75
1021.226	31.23
1021.391	10.75
1021.556	37.38
1021.72	4.61
1021.885	51.71
1022.05	23.04
1022.214	45.57
1022.379	0.51
1022.544	-3.58
1022.708	53.76
1022.873	6.66
1023.037	12.8
1023.202	4.61
1023.366	0.51
1023.531	57.86
1023.695	43.52
1023.86	-13.82
1024.024	20.99
1024.189	-7.68
1024.353	31.23
1024.518	-38.4
1024.682	27.14
1024.846	8.7
1025.011	-5.63
1025.175	18.94
1025.339	80.38
1025.504	35.33
1025.668	45.57
1025.832	-38.4
1025.996	53.76
1026.161	4.61
1026.325	68.09
1026.489	70.14
1026.653	25.09
1026.817	-9.73
1026.981	27.14
1027.145	-42.5
1027.309	-24.06
1027.474	41.47
1027.638	18.94
1027.802	31.23
1027.966	12.8
1028.13	-9.73
1028.294	53.76
1028.458	-3.58
1028.621	-9.73
1028.785	55.81
1028.949	-24.06
1029.113	-30.21
1029.277	-1.54
1029.441	39.42
1029.605	29.18
1029.768	16.9
1029.932	-1.54
1030.096	2.56
1030.26	-24.06
1030.423	-9.73
1030.587	31.23
1030.751	-17.92
1030.915	8.7
1031.078	-34.3
1031.242	70.14
1031.405	-24.06
1031.569	31.23
1031.733	64
1031.896	72.19
1032.06	18.94
1032.223	14.85
1032.387	-38.4
1032.55	20.99
1032.714	0.51
1032.877	25.09
1033.041	37.38
1033.204	6.66
1033.367	4.61
1033.531	-26.11
1033.694	55.81
1033.858	-73.21
1034.021	14.85
1034.184	12.8
1034.347	33.28
1034.511	16.9
1034.674	20.99
1034.837	41.47
1035	35.33
1035.164	-30.21
1035.327	80.38
1035.49	113.15
1035.653	-1.54
1035.816	41.47
1035.979	-32.26
1036.142	-3.58
1036.305	-54.78
1036.468	76.29
1036.631	14.85
1036.794	4.61
1036.957	-13.82
1037.12	27.14
1037.283	29.18
1037.446	86.53
1037.609	57.86
1037.772	20.99
1037.935	66.05
1038.098	66.05
1038.261	18.94
1038.424	27.14
1038.586	55.81
1038.749	-15.87
1038.912	18.94
1039.075	31.23
1039.237	12.8
1039.4	23.04
1039.563	29.18
1039.725	29.18
1039.888	23.04
1040.051	55.81
1040.213	25.09
1040.376	-13.82
1040.539	23.04
1040.701	104.96
1040.864	14.85
1041.026	-28.16
1041.189	-5.63
1041.351	29.18
1041.514	45.57
1041.676	29.18
1041.838	45.57
1042.001	-1.54
1042.163	59.9
1042.326	27.14
1042.488	-5.63
1042.65	-1.54
1042.813	-28.16
1042.975	20.99
1043.137	6.66
1043.3	-15.87
1043.462	-17.92
1043.624	6.66
1043.786	4.61
1043.948	-24.06
1044.111	16.9
1044.273	20.99
1044.435	39.42
1044.597	-1.54
1044.759	-5.63
1044.921	-42.5
1045.083	74.24
