345.532	32.94
345.749	32.94
345.966	32.94
346.184	6.31
346.401	2.22
346.618	-1.88
346.836	34.99
347.053	-18.26
347.27	14.51
347.487	-28.5
347.705	-16.21
347.922	-14.17
348.139	30.89
348.356	-32.6
348.574	34.99
348.791	-3.93
349.008	0.17
349.225	45.23
349.442	4.27
349.659	-12.12
349.877	98.47
350.094	-32.6
350.311	96.43
350.528	28.84
350.745	43.18
350.962	16.55
351.179	-1.88
351.396	30.89
351.613	10.41
351.83	51.37
352.047	32.94
352.264	18.6
352.481	67.75
352.698	-32.6
352.915	45.23
353.132	39.08
353.349	73.9
353.566	-1.88
353.783	26.79
354	12.46
354.217	55.47
354.433	8.36
354.65	16.55
354.867	26.79
355.084	39.08
355.301	100.52
355.518	16.55
355.735	0.17
355.951	90.28
356.168	37.03
356.385	-16.21
356.602	-10.07
356.818	-3.93
357.035	61.61
357.252	-53.08
357.469	-18.26
357.685	-12.12
357.902	32.94
358.119	32.94
358.335	57.51
358.552	28.84
358.769	10.41
358.985	26.79
359.202	28.84
359.419	65.71
359.635	88.23
359.852	69.8
360.068	30.89
360.285	30.89
360.501	30.89
360.718	75.95
360.934	43.18
361.151	57.51
361.367	0.17
361.584	22.7
361.8	20.65
362.017	65.71
362.233	90.28
362.45	51.37
362.666	16.55
362.883	47.27
363.099	82.09
363.315	34.99
363.532	71.85
363.748	65.71
363.965	94.38
364.181	77.99
364.397	65.71
364.614	92.33
364.83	123.05
365.046	75.95
365.262	2.22
365.479	41.13
365.695	61.61
365.911	63.66
366.128	86.19
366.344	32.94
366.56	16.55
366.776	77.99
366.992	26.79
367.209	37.03
367.425	84.14
367.641	69.8
367.857	77.99
368.073	116.9
368.289	24.75
368.505	34.99
368.722	-61.27
368.938	24.75
369.154	41.13
369.37	41.13
369.586	-5.97
369.802	-36.69
370.018	-42.84
370.234	75.95
370.45	32.94
370.666	98.47
370.882	-3.93
371.098	65.71
371.314	-44.88
371.53	30.89
371.746	-5.97
371.962	47.27
372.178	22.7
372.393	69.8
372.609	-26.45
372.825	80.04
373.041	-5.97
373.257	-32.6
373.473	32.94
373.689	73.9
373.904	45.23
374.12	-61.27
374.336	-46.93
374.552	8.36
374.767	-10.07
374.983	37.03
375.199	-18.26
375.415	59.56
375.63	-32.6
375.846	-24.4
376.062	47.27
376.278	32.94
376.493	16.55
376.709	14.51
376.925	2.22
377.14	-65.36
377.356	-12.12
377.571	-22.36
377.787	-40.79
378.003	47.27
378.218	28.84
378.434	39.08
378.649	0.17
378.865	57.51
379.08	47.27
379.296	-16.21
379.511	-1.88
379.727	39.08
379.942	32.94
380.158	32.94
380.373	-10.07
380.589	24.75
380.804	75.95
381.02	65.71
381.235	-30.55
381.45	16.55
381.666	28.84
381.881	-40.79
382.096	-65.36
382.312	-8.02
382.527	41.13
382.742	6.31
382.958	59.56
383.173	20.65
383.388	123.05
383.604	69.8
383.819	88.23
384.034	-8.02
384.249	28.84
384.465	32.94
384.68	-26.45
384.895	24.75
385.11	47.27
385.325	43.18
385.541	-40.79
385.756	49.32
385.971	12.46
386.186	-8.02
386.401	71.85
386.616	30.89
386.831	16.55
387.046	10.41
387.261	34.99
387.477	39.08
387.692	32.94
387.907	-5.97
388.122	32.94
388.337	-38.74
388.552	-73.56
388.767	-20.31
388.982	12.46
389.197	-30.55
389.411	43.18
389.626	41.13
389.841	63.66
390.056	49.32
390.271	-16.21
390.486	32.94
390.701	-1.88
390.916	-14.17
391.131	-20.31
391.345	43.18
391.56	26.79
391.775	-16.21
391.99	-10.07
392.205	-18.26
392.42	-1.88
392.634	-10.07
392.849	2.22
393.064	4.27
393.279	32.94
393.493	-36.69
393.708	22.7
393.923	6.31
394.137	45.23
394.352	61.61
394.567	28.84
394.781	-26.45
394.996	43.18
395.211	41.13
395.425	0.17
395.64	53.42
395.854	32.94
396.069	41.13
396.284	86.19
396.498	6.31
396.713	55.47
396.927	-5.97
397.142	-57.17
397.356	-40.79
397.571	10.41
397.785	65.71
398	49.32
398.214	71.85
398.428	112.81
398.643	98.47
398.857	112.81
399.072	127.14
399.286	164.01
399.5	278.69
399.715	209.06
399.929	227.5
400.144	278.69
400.358	336.04
400.572	364.71
400.787	297.13
401.001	280.74
401.215	272.55
401.429	254.12
401.644	297.13
401.858	327.85
402.072	352.42
402.286	282.79
402.501	309.41
402.715	288.93
402.929	327.85
403.143	336.04
403.357	358.57
403.571	372.9
403.786	379.04
404	364.71
404.214	360.61
404.428	370.85
404.642	379.04
404.856	413.86
405.07	395.43
405.284	389.28
405.498	366.76
405.712	333.99
405.926	356.52
406.14	356.52
406.354	450.72
406.568	377
406.782	346.28
406.996	317.61
407.21	247.97
407.424	358.57
407.638	313.51
407.852	239.78
408.066	239.78
408.28	82.09
408.493	75.95
408.707	77.99
408.921	-18.26
409.135	57.51
409.349	49.32
409.563	39.08
409.776	41.13
409.99	106.67
410.204	47.27
410.418	127.14
410.631	88.23
410.845	104.62
411.059	63.66
411.273	49.32
411.486	157.86
411.7	63.66
411.914	51.37
412.127	18.6
412.341	147.62
412.555	90.28
412.768	37.03
412.982	84.14
413.195	-5.97
413.409	118.95
413.623	121
413.836	80.04
414.05	34.99
414.263	129.19
414.477	86.19
414.69	47.27
414.904	133.29
415.117	180.39
415.331	182.44
415.544	30.89
415.758	108.71
415.971	98.47
416.185	82.09
416.398	139.43
416.611	161.96
416.825	147.62
417.038	127.14
417.251	94.38
417.465	92.33
417.678	213.16
417.891	159.91
418.105	110.76
418.318	100.52
418.531	106.67
418.745	139.43
418.958	168.1
419.171	55.47
419.384	114.86
419.598	123.05
419.811	129.19
420.024	110.76
420.237	94.38
420.45	192.68
420.664	30.89
420.877	161.96
421.09	198.82
421.303	170.15
421.516	112.81
421.729	225.45
421.942	174.25
422.155	194.73
422.368	213.16
422.582	164.01
422.795	135.34
423.008	198.82
423.221	188.58
423.434	225.45
423.647	172.2
423.86	164.01
424.073	241.83
424.286	155.82
424.498	239.78
424.711	215.21
424.924	270.5
425.137	155.82
425.35	215.21
425.563	225.45
425.776	315.56
425.989	293.03
426.202	342.18
426.414	303.27
426.627	213.16
426.84	293.03
427.053	346.28
427.266	379.04
427.478	389.28
427.691	321.7
427.904	327.85
428.117	336.04
428.329	358.57
428.542	393.38
428.755	473.25
428.967	469.16
429.18	553.12
429.393	653.47
429.605	671.9
429.818	925.85
430.031	936.09
430.243	1276.06
430.456	1829.01
430.668	2087.05
430.881	2103.43
431.094	2140.3
431.306	2179.21
431.519	2308.23
431.731	2283.66
431.944	2238.6
432.156	2304.14
432.369	2414.73
432.581	2549.89
432.794	2676.87
433.006	2527.36
433.218	2633.86
433.431	2580.61
433.643	2701.44
433.856	2656.39
434.068	2660.48
434.28	2760.83
434.493	2683.01
434.705	2605.19
434.918	2912.38
435.13	2605.19
435.342	2834.56
435.554	2805.89
435.767	2834.56
435.979	3043.45
436.191	2877.57
436.404	2959.49
436.616	3115.13
436.828	3129.47
437.04	2955.39
437.252	3033.21
437.465	2939.01
437.677	3035.26
437.889	2900.09
438.101	2912.38
438.313	2642.05
438.525	2603.14
438.737	2316.42
438.949	2035.85
439.162	1566.87
439.374	1167.51
439.586	882.85
439.798	682.14
440.01	743.58
440.222	632.99
440.434	719.01
440.646	694.43
440.858	637.09
441.07	671.9
441.282	692.38
441.494	749.73
441.706	665.76
441.918	719.01
442.129	663.71
442.341	762.02
442.553	704.67
442.765	663.71
442.977	673.95
443.189	729.25
443.401	678.05
443.612	716.96
443.824	688.29
444.036	739.49
444.248	696.48
444.46	667.81
444.671	671.9
444.883	661.66
445.095	688.29
445.307	708.77
445.518	630.95
445.73	725.15
445.942	700.58
446.153	727.2
446.365	741.54
446.577	688.29
446.788	708.77
447	671.9
447.212	815.26
447.423	739.49
447.635	721.06
447.846	725.15
448.058	731.3
448.269	723.1
448.481	735.39
448.692	712.86
448.904	710.82
449.115	696.48
449.327	782.49
449.538	714.91
449.75	737.44
449.961	686.24
450.173	714.91
450.384	624.8
450.596	704.67
450.807	716.96
451.018	688.29
451.23	762.02
451.441	743.58
451.652	710.82
451.864	704.67
452.075	639.14
452.286	698.53
452.498	749.73
452.709	628.9
452.92	704.67
453.131	671.9
453.343	616.61
453.554	647.33
453.765	630.95
453.976	655.52
454.187	686.24
454.399	571.55
454.61	612.51
454.821	575.65
455.032	667.81
455.243	661.66
455.454	678.05
455.665	723.1
455.877	649.38
456.088	688.29
456.299	571.55
456.51	594.08
456.721	676
456.932	626.85
457.143	618.66
457.354	645.28
457.565	626.85
457.776	649.38
457.987	594.08
458.198	688.29
458.409	499.88
458.62	655.52
458.83	612.51
459.041	571.55
459.252	575.65
459.463	630.95
459.674	632.99
459.885	567.46
460.096	555.17
460.306	553.12
460.517	575.65
460.728	630.95
460.939	540.83
461.15	620.71
461.36	546.98
461.571	526.5
461.782	589.99
461.993	589.99
462.203	635.04
462.414	573.6
462.625	565.41
462.835	508.07
463.046	635.04
463.257	614.56
463.467	641.18
463.678	538.79
463.889	557.22
464.099	620.71
464.31	573.6
464.52	598.18
464.731	587.94
464.941	587.94
465.152	536.74
465.362	618.66
465.573	589.99
465.783	493.73
465.994	589.99
466.204	557.22
466.415	569.51
466.625	563.36
466.836	456.87
467.046	549.03
467.257	614.56
467.467	532.64
467.677	536.74
467.888	551.07
468.098	536.74
468.308	540.83
468.519	534.69
468.729	528.55
468.939	669.86
469.15	587.94
469.36	594.08
469.57	579.75
469.78	645.28
469.991	610.47
470.201	528.55
470.411	463.01
470.621	579.75
470.831	514.21
471.042	520.35
471.252	481.44
471.462	555.17
471.672	501.92
471.882	542.88
472.092	499.88
472.302	481.44
472.512	534.69
472.723	565.41
472.933	596.13
473.143	573.6
473.353	491.68
473.563	487.59
473.773	579.75
473.983	450.72
474.193	534.69
474.403	528.55
474.613	553.12
474.822	608.42
475.032	620.71
475.242	555.17
475.452	626.85
475.662	604.32
475.872	637.09
476.082	622.75
476.292	630.95
476.502	628.9
476.711	655.52
476.921	663.71
477.131	602.27
477.341	745.63
477.551	817.31
477.76	809.12
477.97	839.84
478.18	911.52
478.39	1032.35
478.599	960.67
478.809	1067.16
479.019	1208.47
479.228	1339.54
479.438	1366.17
479.648	1454.23
479.857	1573.01
480.067	1732.75
480.276	1853.58
480.486	1935.5
480.696	2093.19
480.905	2285.7
481.115	2410.63
481.324	2549.89
481.534	2674.82
481.743	2967.68
481.953	3108.99
482.162	3285.11
482.372	3494.01
482.581	3434.61
482.791	3692.66
483	3883.12
483.21	3983.47
483.419	4116.59
483.628	4311.14
483.838	4479.08
484.047	4769.89
484.257	4948.06
484.466	4989.02
484.675	5120.09
484.885	5374.04
485.094	5333.08
485.303	5558.36
485.512	5695.57
485.722	5838.93
485.931	5722.2
486.14	6021.2
486.349	6133.84
486.559	6238.28
486.768	6226
486.977	6240.33
487.186	6391.88
487.395	6406.22
487.605	6488.14
487.814	6451.27
488.023	6506.57
488.232	6721.6
488.441	6387.79
488.65	6471.75
488.859	6395.98
489.068	6494.28
489.277	6457.42
489.486	6162.51
489.695	6269
489.904	6146.12
490.113	6086.73
490.322	6078.54
490.531	5853.27
490.74	5965.9
490.949	5781.59
491.158	5636.18
491.367	5603.41
491.576	5576.79
491.785	5390.42
491.994	5451.86
492.203	5306.46
492.412	5124.19
492.62	5005.41
492.829	5007.45
493.038	4819.04
493.247	4872.29
493.456	4622.44
493.664	4647.01
493.873	4554.85
494.082	4454.5
494.291	4204.65
494.499	4145.26
494.708	4044.91
494.917	4003.95
495.126	3823.73
495.334	3793.01
495.543	3727.47
495.751	3520.63
495.96	3307.64
496.169	3403.89
496.377	3313.78
496.586	3199.1
496.795	3084.41
497.003	3014.78
497.212	3115.13
497.42	2685.06
497.629	2646.15
497.837	2603.14
498.046	2416.77
498.254	2359.43
498.463	2408.58
498.671	2246.79
498.88	2148.49
499.088	2076.81
499.297	2044.04
499.505	1941.65
499.713	1847.44
499.922	1753.23
500.13	1720.46
500.338	1527.96
500.547	1503.38
500.755	1431.7
500.963	1351.83
501.172	1253.53
501.38	1237.14
501.588	1196.18
501.797	1114.27
502.005	950.43
502.213	948.38
502.421	876.7
502.63	807.07
502.838	768.16
503.046	766.11
503.254	753.82
503.462	712.86
503.67	714.91
503.879	598.18
504.087	571.55
504.295	581.79
504.503	573.6
504.711	614.56
504.919	499.88
505.127	555.17
505.335	434.34
505.543	567.46
505.751	481.44
505.959	448.68
506.167	391.33
506.375	534.69
506.583	397.48
506.791	446.63
506.999	477.35
507.207	436.39
507.415	415.91
507.623	446.63
507.831	481.44
508.039	389.28
508.246	436.39
508.454	389.28
508.662	426.15
508.87	379.04
509.078	389.28
509.286	358.57
509.493	454.82
509.701	403.62
509.909	381.09
510.117	342.18
510.324	348.33
510.532	430.24
510.74	401.57
510.947	395.43
511.155	399.52
511.363	344.23
511.57	374.95
511.778	364.71
511.986	399.52
512.193	446.63
512.401	358.57
512.609	450.72
512.816	454.82
513.024	407.72
513.231	395.43
513.439	387.24
513.646	372.9
513.854	385.19
514.061	356.52
514.269	331.94
514.476	385.19
514.684	364.71
514.891	366.76
515.099	389.28
515.306	372.9
515.513	272.55
515.721	393.38
515.928	350.37
516.135	352.42
516.343	387.24
516.55	374.95
516.757	395.43
516.965	368.81
517.172	360.61
517.379	374.95
517.587	305.32
517.794	301.22
518.001	305.32
518.208	319.65
518.416	305.32
518.623	381.09
518.83	368.81
519.037	327.85
519.244	360.61
519.451	290.98
519.659	362.66
519.866	295.08
520.073	252.07
520.28	301.22
520.487	377
520.694	325.8
520.901	325.8
521.108	309.41
521.315	350.37
521.522	319.65
521.729	383.14
521.936	358.57
522.143	338.09
522.35	299.17
522.557	356.52
522.764	346.28
522.971	393.38
523.178	268.45
523.385	309.41
523.592	407.72
523.799	284.84
524.005	362.66
524.212	383.14
524.419	260.26
524.626	270.5
524.833	317.61
525.04	358.57
525.246	413.86
525.453	379.04
525.66	407.72
525.867	407.72
526.073	286.89
526.28	286.89
526.487	397.48
526.693	354.47
526.9	422.05
527.107	438.44
527.313	471.2
527.52	473.25
527.727	465.06
527.933	387.24
528.14	508.07
528.346	614.56
528.553	503.97
528.759	569.51
528.966	659.62
529.173	635.04
529.379	624.8
529.586	719.01
529.792	743.58
529.999	780.45
530.205	729.25
530.411	735.39
530.618	778.4
530.824	776.35
531.031	901.28
531.237	852.13
531.443	907.42
531.65	970.91
531.856	1020.06
532.062	993.44
532.269	1165.46
532.475	1286.3
532.681	1390.74
532.888	1503.38
533.094	1611.92
533.3	1665.17
533.506	1742.99
533.713	2066.57
533.919	2181.26
534.125	2336.9
534.331	2494.6
534.538	2678.91
534.744	3070.08
534.95	3176.57
535.156	3602.55
535.362	4051.05
535.568	4339.82
535.774	4862.05
535.98	5515.35
536.186	6279.24
536.393	6828.1
536.599	7770.16
536.805	8577.06
537.011	9537.56
537.217	10563.59
537.423	11460.6
537.629	12392.43
537.835	13557.72
538.04	14796.74
538.246	15814.59
538.452	17055.65
538.658	18186.13
538.864	19128.2
539.07	20246.39
539.276	21176.17
539.482	22187.86
539.688	23414.6
539.893	24125.24
540.099	25204.52
540.305	27135.76
540.511	27846.4
540.717	28473.08
540.922	29447.91
541.128	29984.48
541.334	30267.1
541.54	31168.21
541.745	31499.98
541.951	31721.16
542.157	32263.87
542.362	32329.41
542.568	32908.98
542.774	32861.88
542.979	33181.36
543.185	32984.76
543.39	33375.92
543.596	33435.31
543.802	33169.07
544.007	33328.81
544.213	33130.16
544.418	32732.86
544.624	32270.01
544.829	31999.68
545.035	31497.93
545.24	30783.19
545.446	29806.31
545.651	29245.16
545.857	27952.9
546.062	27447.05
546.267	26189.6
546.473	25212.71
546.678	24577.84
546.884	23230.28
547.089	22796.11
547.294	21854.05
547.5	20324.21
547.705	19640.19
547.91	18704.27
548.116	17956.76
548.321	17362.85
548.526	16416.69
548.731	15249.35
548.937	14399.44
549.142	13058.02
549.347	12300.27
549.552	11456.51
549.757	10592.27
549.963	10086.42
550.168	9510.94
550.373	8947.75
550.578	8863.78
550.783	8445.99
550.988	8091.7
551.193	7931.95
551.398	7567.42
551.603	7272.51
551.808	6907.97
552.013	6725.7
552.218	6232.14
552.424	6107.21
552.628	5836.88
552.833	5421.14
553.038	5324.89
553.243	5011.55
553.448	4714.59
553.653	4454.5
553.858	4370.54
554.063	4030.57
554.268	3907.7
554.473	3762.29
554.678	3461.24
554.883	3235.96
555.087	3127.42
555.292	2926.72
555.497	2629.76
555.702	2324.62
555.907	2179.21
556.111	2080.91
556.316	1882.25
556.521	1847.44
556.725	1599.63
556.93	1472.66
557.135	1433.75
557.34	1247.38
557.544	1175.7
557.749	1198.23
557.954	1089.69
558.158	1030.3
558.363	942.24
558.567	841.89
558.772	893.09
558.977	850.08
559.181	809.12
559.386	764.06
559.59	786.59
559.795	788.64
559.999	802.97
560.204	721.06
560.408	725.15
560.613	667.81
560.817	688.29
561.021	669.86
561.226	618.66
561.43	628.9
561.635	649.38
561.839	589.99
562.043	702.62
562.248	688.29
562.452	585.89
562.656	524.45
562.861	534.69
563.065	563.36
563.269	546.98
563.474	608.42
563.678	653.47
563.882	565.41
564.086	544.93
564.291	524.45
564.495	503.97
564.699	506.02
564.903	428.2
565.107	514.21
565.311	458.92
565.516	499.88
565.72	450.72
565.924	456.87
566.128	573.6
566.332	460.96
566.536	510.11
566.74	522.4
566.944	483.49
567.148	522.4
567.352	510.11
567.556	491.68
567.76	503.97
567.964	487.59
568.168	503.97
568.372	444.58
568.576	491.68
568.78	499.88
568.984	522.4
569.188	581.79
569.392	508.07
569.595	559.27
569.799	565.41
570.003	555.17
570.207	614.56
570.411	589.99
570.615	616.61
570.818	635.04
571.022	770.21
571.226	850.08
571.43	932
571.633	987.29
571.837	1067.16
572.041	1130.65
572.244	1204.38
572.448	1110.17
572.652	1185.94
572.855	1280.15
573.059	1390.74
573.263	1452.18
573.466	1464.47
573.67	1767.57
573.873	1800.34
574.077	1949.84
574.28	1919.12
574.484	2220.17
574.687	2322.57
574.891	2457.73
575.094	2631.81
575.298	2629.76
575.501	2766.98
575.705	3061.88
575.908	3143.8
576.112	3338.36
576.315	3305.59
576.518	3631.22
576.722	3770.48
576.925	3784.82
577.129	4264.04
577.332	4261.99
577.535	4423.78
577.739	4690.02
577.942	4843.62
578.145	5238.87
578.348	5302.36
578.552	5572.69
578.755	5806.16
578.958	5957.71
579.161	6326.35
579.365	6271.05
579.568	6180.94
579.771	6594.63
579.974	6432.84
580.177	6592.58
580.38	6690.88
580.583	6975.55
580.787	7077.95
580.99	7131.2
581.193	7299.13
581.396	7761.97
581.599	8114.22
581.802	8284.2
582.005	8570.92
582.208	8558.63
582.411	8714.28
582.614	8935.46
582.817	9078.82
583.02	8996.9
583.223	9232.41
583.426	9109.54
583.629	9189.41
583.831	9021.47
584.034	9191.45
584.237	9396.25
584.44	9283.61
584.643	9355.29
584.846	9140.26
585.049	9390.11
585.251	9388.06
585.454	9238.56
585.657	9203.74
585.86	9240.61
586.062	9181.21
586.265	9269.28
586.468	8853.54
586.671	9066.53
586.873	9054.24
587.076	8863.78
587.279	8912.93
587.481	8663.08
587.684	8882.21
587.886	8695.85
588.089	8691.75
588.292	8667.17
588.494	8374.31
588.697	8470.57
588.899	8486.95
589.102	8243.24
589.304	8249.39
589.507	8134.7
589.709	7862.32
589.912	8048.69
590.114	7811.12
590.317	7440.44
590.519	7120.96
590.722	6991.94
590.924	6557.77
591.126	6557.77
591.329	6195.28
591.531	5916.75
591.734	5840.98
591.936	5632.08
592.138	5570.65
592.341	5523.54
592.543	5490.77
592.745	5214.3
592.947	5120.09
593.15	5206.11
593.352	5019.74
593.554	4999.26
593.756	4929.63
593.959	5058.65
594.161	4882.53
594.363	4862.05
594.565	4802.66
594.767	4796.51
594.969	4655.2
595.171	4583.52
595.374	4665.44
595.576	4534.37
595.778	4417.64
595.98	4274.28
596.182	4216.94
596.384	3940.46
596.586	3836.02
596.788	3778.67
596.99	3530.87
597.192	3438.71
597.394	3326.07
597.596	3319.93
597.798	3287.16
598	3201.15
598.202	3154.04
598.403	3205.24
598.605	2990.21
598.807	2998.4
599.009	3000.44
599.211	2898.05
599.413	3043.45
599.615	3004.54
599.816	2990.21
600.018	2859.14
600.22	2975.87
600.422	2889.85
600.623	2932.86
600.825	2799.74
601.027	2904.19
601.228	2867.33
601.43	2949.25
601.632	2992.25
601.833	2875.52
602.035	2924.67
602.237	2807.94
602.438	2750.59
602.64	2820.22
602.842	2728.07
603.043	2781.31
603.245	2744.45
603.446	2971.77
603.648	2965.63
603.849	3217.53
604.051	3510.39
604.252	3659.89
604.454	4049
604.655	4841.57
604.857	5537.88
605.058	6758.47
605.259	8278.06
605.461	9809.94
605.662	11216.9
605.864	12869.61
606.065	13916.12
606.266	15149
606.468	16226.23
606.669	17190.82
606.87	18020.25
607.072	18939.79
607.273	19906.43
607.474	20668.27
607.675	21682.02
607.877	22202.2
608.078	23000.91
608.279	23949.12
608.48	24315.7
608.681	25061.16
608.883	26255.13
609.084	26670.87
609.285	26625.81
609.486	26890
609.687	27666.18
609.888	27584.26
610.089	28047.1
610.29	28362.49
610.491	28198.65
610.692	28657.4
610.893	28479.22
611.094	28800.76
611.295	28761.84
611.496	28710.64
611.697	28849.91
611.898	28511.99
612.099	28792.56
612.3	28608.25
612.501	28694.26
612.702	28557.05
612.903	28333.82
613.104	28059.39
613.305	27647.75
613.505	27074.32
613.706	26195.74
613.907	24885.04
614.108	23473.99
614.309	21903.2
614.509	20440.95
614.71	19013.51
614.911	17637.28
615.112	16066.49
615.312	15308.74
615.513	14366.67
615.714	13199.33
615.914	12802.02
616.115	11868.15
616.316	11304.96
616.516	10805.25
616.717	10278.93
616.918	9787.41
617.118	9406.49
617.319	9087.01
617.519	8765.48
617.72	8292.4
617.92	8022.06
618.121	7817.27
618.321	7626.81
618.522	7335.99
618.722	7268.41
618.923	6903.87
619.123	6977.6
619.324	6795.33
619.524	6662.21
619.724	6625.35
619.925	6471.75
620.125	6570.05
620.326	6281.29
620.526	6223.95
620.726	6195.28
620.927	6099.02
621.127	6068.3
621.327	5963.86
621.527	5970
621.728	5933.14
621.928	5902.42
622.128	5691.48
622.328	5701.72
622.529	5627.99
622.729	5589.08
622.929	5552.21
623.129	5589.08
623.329	5369.94
623.529	5388.38
623.73	5238.87
623.93	5175.39
624.13	5097.56
624.33	5148.76
624.53	5058.65
624.73	5134.43
624.93	5218.4
625.13	5025.89
625.33	5232.73
625.53	5173.34
625.73	5253.21
625.93	5331.03
626.13	5374.04
626.33	5265.5
626.53	5179.48
626.73	5275.74
626.929	5191.77
627.129	5271.64
627.329	5046.37
627.529	5128.28
627.729	4923.49
627.929	5126.24
628.128	4870.24
628.328	4849.76
628.528	4763.75
628.728	4753.51
628.928	4751.46
629.127	4532.33
629.327	4626.53
629.527	4632.68
629.726	4423.78
629.926	4329.58
630.126	4237.42
630.325	4188.27
630.525	3999.85
630.725	3999.85
630.924	3833.97
631.124	3829.87
631.323	3721.33
631.523	3698.8
631.722	3481.72
631.922	3661.94
632.122	3399.8
632.321	3340.41
632.521	3301.5
632.72	3035.26
632.919	3025.02
633.119	2963.58
633.318	2789.5
633.518	2652.29
633.717	2597
633.917	2300.04
634.116	2054.28
634.315	1872.01
634.515	1845.39
634.714	1573.01
634.913	1417.37
635.113	1294.49
635.312	1222.81
635.511	1142.94
635.71	1022.11
635.91	1024.16
636.109	880.8
636.308	854.17
636.507	891.04
636.706	862.37
636.906	880.8
637.105	762.02
637.304	712.86
637.503	778.4
637.702	706.72
637.901	831.65
638.1	805.02
638.299	796.83
638.499	694.43
638.698	684.19
638.897	747.68
639.096	645.28
639.295	727.2
639.494	729.25
639.693	776.35
639.892	680.1
640.09	680.1
640.289	790.69
640.488	745.63
640.687	690.34
640.886	743.58
641.085	727.2
641.284	749.73
641.483	667.81
641.682	716.96
641.88	755.87
642.079	737.44
642.278	721.06
642.477	696.48
642.675	688.29
642.874	766.11
643.073	764.06
643.272	762.02
643.47	719.01
643.669	848.03
643.868	770.21
644.066	737.44
644.265	895.13
644.464	925.85
644.662	917.66
644.861	866.46
645.059	1018.01
645.258	1052.83
645.457	1083.55
645.655	991.39
645.854	1110.17
646.052	1159.32
646.251	1138.84
646.449	1083.55
646.648	1220.76
646.846	1132.7
647.044	1224.86
647.243	1218.71
647.441	1200.28
647.64	1235.1
647.838	1187.99
648.036	1327.25
648.235	1298.58
648.433	1314.97
648.631	1384.6
648.83	1269.91
649.028	1308.82
649.226	1190.04
649.425	1304.73
649.623	1331.35
649.821	1204.38
650.019	1251.48
650.218	1149.08
650.416	1319.06
650.614	1290.39
650.812	1235.1
651.01	1228.95
651.208	1261.72
651.406	1185.94
651.605	1200.28
651.803	1171.61
652.001	1249.43
652.199	1183.9
652.397	1226.9
652.595	1239.19
652.793	1116.31
652.991	1095.83
653.189	1040.54
653.387	954.52
653.585	927.9
653.783	1007.77
653.981	923.8
654.179	874.65
654.377	831.65
654.574	714.91
654.772	694.43
654.97	698.53
655.168	809.12
655.366	671.9
655.564	608.42
655.761	618.66
655.959	739.49
656.157	645.28
656.355	602.27
656.553	651.42
656.75	663.71
656.948	708.77
657.146	573.6
657.343	614.56
657.541	624.8
657.739	719.01
657.936	733.34
658.134	653.47
658.332	678.05
658.529	637.09
658.727	770.21
658.924	651.42
659.122	647.33
659.319	759.97
659.517	669.86
659.714	747.68
659.912	716.96
660.109	788.64
660.307	747.68
660.504	710.82
660.702	698.53
660.899	747.68
661.097	774.3
661.294	721.06
661.491	768.16
661.689	749.73
661.886	725.15
662.083	813.21
662.281	825.5
662.478	680.1
662.675	719.01
662.873	882.85
663.07	827.55
663.267	817.31
663.464	854.17
663.662	862.37
663.859	854.17
664.056	784.54
664.253	831.65
664.45	764.06
664.647	866.46
664.845	827.55
665.042	745.63
665.239	733.34
665.436	688.29
665.633	719.01
665.83	714.91
666.027	774.3
666.224	710.82
666.421	630.95
666.618	751.78
666.815	635.04
667.012	497.83
667.209	600.23
667.406	555.17
667.603	567.46
667.8	559.27
667.997	641.18
668.194	518.31
668.39	549.03
668.587	565.41
668.784	565.41
668.981	499.88
669.178	526.5
669.375	598.18
669.571	536.74
669.768	524.45
669.965	569.51
670.162	479.4
670.358	456.87
670.555	428.2
670.752	506.02
670.948	508.07
671.145	469.16
671.342	434.34
671.538	450.72
671.735	463.01
671.932	487.59
672.128	395.43
672.325	532.64
672.521	463.01
672.718	497.83
672.914	506.02
673.111	436.39
673.307	442.53
673.504	444.58
673.7	438.44
673.897	426.15
674.093	420
674.29	422.05
674.486	493.73
674.682	487.59
674.879	491.68
675.075	487.59
675.272	438.44
675.468	497.83
675.664	463.01
675.861	483.49
676.057	456.87
676.253	460.96
676.449	497.83
676.646	491.68
676.842	503.97
677.038	467.11
677.234	469.16
677.43	524.45
677.627	442.53
677.823	512.16
678.019	501.92
678.215	463.01
678.411	501.92
678.607	479.4
678.803	370.85
678.999	487.59
679.196	454.82
679.392	479.4
679.588	430.24
679.784	424.1
679.98	409.76
680.176	393.38
680.372	450.72
680.568	442.53
680.763	487.59
680.959	489.64
681.155	471.2
681.351	460.96
681.547	460.96
681.743	516.26
681.939	495.78
682.135	602.27
682.33	495.78
682.526	526.5
682.722	569.51
682.918	549.03
683.114	524.45
683.309	549.03
683.505	503.97
683.701	575.65
683.897	598.18
684.092	538.79
684.288	485.54
684.484	518.31
684.679	583.84
684.875	538.79
685.07	614.56
685.266	600.23
685.462	489.64
685.657	503.97
685.853	555.17
686.048	602.27
686.244	628.9
686.439	575.65
686.635	557.22
686.83	499.88
687.026	516.26
687.221	514.21
687.417	598.18
687.612	569.51
687.807	510.11
688.003	661.66
688.198	563.36
688.394	536.74
688.589	628.9
688.784	669.86
688.98	606.37
689.175	665.76
689.37	622.75
689.565	471.2
689.761	530.59
689.956	602.27
690.151	620.71
690.346	587.94
690.542	534.69
690.737	516.26
690.932	600.23
691.127	485.54
691.322	422.05
691.517	395.43
691.713	458.92
691.908	491.68
692.103	424.1
692.298	383.14
692.493	379.04
692.688	393.38
692.883	374.95
693.078	356.52
693.273	401.57
693.468	364.71
693.663	327.85
693.858	235.69
694.053	286.89
694.248	301.22
694.443	348.33
694.637	325.8
694.832	252.07
695.027	350.37
695.222	299.17
695.417	274.6
695.612	333.99
695.806	344.23
696.001	282.79
696.196	338.09
696.391	264.36
696.585	276.65
696.78	276.65
696.975	227.5
697.17	200.87
697.364	352.42
697.559	223.4
697.754	227.5
697.948	243.88
698.143	186.54
698.337	256.17
698.532	184.49
698.727	170.15
698.921	266.41
699.116	204.97
699.31	186.54
699.505	198.82
699.699	305.32
699.894	237.74
700.088	325.8
700.283	258.21
700.477	391.33
700.671	358.57
700.866	348.33
701.06	465.06
701.255	463.01
701.449	528.55
701.643	532.64
701.838	614.56
702.032	632.99
702.226	680.1
702.421	788.64
702.615	669.86
702.809	794.78
703.003	919.71
703.198	958.62
703.392	1126.55
703.586	1108.12
703.78	1163.42
703.974	1183.9
704.169	1177.75
704.363	1259.67
704.557	1239.19
704.751	1300.63
704.945	1374.36
705.139	1351.83
705.333	1491.09
705.527	1458.32
705.721	1441.94
705.915	1546.39
706.109	1560.72
706.303	1616.02
706.497	1595.54
706.691	1763.47
706.885	1757.33
707.079	1960.08
707.273	1712.27
707.467	1925.26
707.661	1831.05
707.855	1886.35
708.048	1863.82
708.242	1849.49
708.436	1841.29
708.63	1925.26
708.824	1800.34
709.018	1702.03
709.211	1734.8
709.405	1820.81
709.599	1771.66
709.792	1767.57
709.986	1587.35
710.18	1659.03
710.374	1581.2
710.567	1564.82
710.761	1482.9
710.954	1378.45
711.148	1470.61
711.342	1413.27
711.535	1228.95
711.729	1192.09
711.922	1235.1
712.116	1099.93
712.309	1011.87
712.503	1005.72
712.696	1001.63
712.89	905.37
713.083	850.08
713.277	884.89
713.47	823.45
713.664	802.97
713.857	729.25
714.05	751.78
714.244	794.78
714.437	676
714.631	696.48
714.824	606.37
715.017	516.26
715.21	485.54
715.404	420
715.597	489.64
715.79	342.18
715.984	331.94
716.177	321.7
716.37	260.26
716.563	278.69
716.756	252.07
716.949	198.82
717.143	139.43
717.336	118.95
717.529	164.01
717.722	114.86
717.915	63.66
718.108	75.95
718.301	133.29
718.494	90.28
718.687	92.33
718.88	98.47
719.073	55.47
719.266	47.27
719.459	-26.45
719.652	102.57
719.845	127.14
720.038	90.28
720.231	51.37
720.424	2.22
720.617	77.99
720.809	65.71
721.002	77.99
721.195	98.47
721.388	24.75
721.581	94.38
721.774	71.85
721.966	34.99
722.159	18.6
722.352	67.75
722.544	118.95
722.737	92.33
722.93	49.32
723.123	-3.93
723.315	98.47
723.508	114.86
723.701	102.57
723.893	131.24
724.086	90.28
724.278	47.27
724.471	125.1
724.663	75.95
724.856	59.56
725.048	108.71
725.241	131.24
725.433	61.61
725.626	63.66
725.818	90.28
726.011	139.43
726.203	65.71
726.396	88.23
726.588	8.36
726.78	157.86
726.973	116.9
727.165	67.75
727.358	77.99
727.55	100.52
727.742	63.66
727.934	73.9
728.127	49.32
728.319	75.95
728.511	77.99
728.704	96.43
728.896	69.8
729.088	184.49
729.28	71.85
729.472	90.28
729.664	12.46
729.857	61.61
730.049	80.04
730.241	67.75
730.433	55.47
730.625	24.75
730.817	49.32
731.009	69.8
731.201	2.22
731.393	61.61
731.585	90.28
731.777	63.66
731.969	102.57
732.161	22.7
732.353	37.03
732.545	61.61
732.737	104.62
732.929	155.82
733.121	61.61
733.313	32.94
733.504	65.71
733.696	24.75
733.888	43.18
734.08	59.56
734.272	65.71
734.463	39.08
734.655	34.99
734.847	-1.88
735.039	28.84
735.23	-32.6
735.422	65.71
735.614	14.51
735.805	51.37
735.997	24.75
736.189	73.9
736.38	41.13
736.572	82.09
736.764	102.57
736.955	104.62
737.147	45.23
737.338	80.04
737.53	41.13
737.721	104.62
737.913	129.19
738.104	55.47
738.296	108.71
738.487	41.13
738.679	24.75
738.87	34.99
739.061	75.95
739.253	100.52
739.444	77.99
739.636	80.04
739.827	24.75
740.018	96.43
740.21	86.19
740.401	98.47
740.592	71.85
740.783	63.66
740.975	108.71
741.166	53.42
741.357	26.79
741.548	98.47
741.74	71.85
741.931	53.42
742.122	73.9
742.313	61.61
742.504	41.13
742.695	-28.5
742.886	39.08
743.077	49.32
743.269	32.94
743.46	125.1
743.651	63.66
743.842	82.09
744.033	53.42
744.224	45.23
744.415	49.32
744.606	55.47
744.797	65.71
744.987	67.75
745.178	114.86
745.369	32.94
745.56	37.03
745.751	75.95
745.942	26.79
746.133	90.28
746.324	114.86
746.514	45.23
746.705	61.61
746.896	71.85
747.087	6.31
747.277	4.27
747.468	-14.17
747.659	16.55
747.85	-32.6
748.04	12.46
748.231	114.86
748.422	-5.97
748.612	90.28
748.803	32.94
748.993	67.75
749.184	-10.07
749.375	12.46
749.565	106.67
749.756	92.33
749.946	24.75
750.137	-8.02
750.327	39.08
750.518	22.7
750.708	77.99
750.899	12.46
751.089	67.75
751.279	69.8
751.47	4.27
751.66	71.85
751.851	14.51
752.041	37.03
752.231	90.28
752.422	24.75
752.612	82.09
752.802	41.13
752.993	39.08
753.183	45.23
753.373	28.84
753.563	41.13
753.754	88.23
753.944	41.13
754.134	63.66
754.324	147.62
754.514	168.1
754.704	96.43
754.895	86.19
755.085	96.43
755.275	96.43
755.465	151.72
755.655	34.99
755.845	96.43
756.035	63.66
756.225	94.38
756.415	110.76
756.605	86.19
756.795	131.24
756.985	139.43
757.175	168.1
757.365	176.3
757.555	61.61
757.745	192.68
757.934	112.81
758.124	135.34
758.314	178.34
758.504	155.82
758.694	137.38
758.884	180.39
759.073	170.15
759.263	131.24
759.453	153.77
759.643	131.24
759.832	143.53
760.022	143.53
760.212	161.96
760.401	229.54
760.591	172.2
760.781	151.72
760.97	180.39
761.16	151.72
761.35	151.72
761.539	168.1
761.729	180.39
761.918	104.62
762.108	84.14
762.297	125.1
762.487	145.58
762.676	149.67
762.866	143.53
763.055	143.53
763.245	190.63
763.434	98.47
763.624	59.56
763.813	82.09
764.002	90.28
764.192	43.18
764.381	75.95
764.57	104.62
764.76	47.27
764.949	110.76
765.138	32.94
765.328	12.46
765.517	73.9
765.706	69.8
765.895	30.89
766.085	63.66
766.274	-12.12
766.463	80.04
766.652	51.37
766.841	-16.21
767.03	32.94
767.219	39.08
767.409	55.47
767.598	16.55
767.787	71.85
767.976	-5.97
768.165	30.89
768.354	-1.88
768.543	75.95
768.732	149.67
768.921	98.47
769.11	59.56
769.299	47.27
769.488	65.71
769.677	8.36
769.865	88.23
770.054	47.27
770.243	10.41
770.432	90.28
770.621	43.18
770.81	55.47
770.998	28.84
771.187	22.7
771.376	18.6
771.565	71.85
771.754	73.9
771.942	45.23
772.131	71.85
772.32	24.75
772.508	32.94
772.697	-8.02
772.886	57.51
773.074	22.7
773.263	100.52
773.451	-40.79
773.64	102.57
773.829	43.18
774.017	-10.07
774.206	90.28
774.394	8.36
774.583	75.95
774.771	0.17
774.96	30.89
775.148	51.37
775.337	-42.84
775.525	55.47
775.713	-10.07
775.902	0.17
776.09	14.51
776.279	65.71
776.467	39.08
776.655	32.94
776.844	-36.69
777.032	0.17
777.22	0.17
777.408	-30.55
777.597	88.23
777.785	94.38
777.973	-5.97
778.161	-32.6
778.35	8.36
778.538	82.09
778.726	69.8
778.914	47.27
779.102	20.65
779.29	41.13
779.478	45.23
779.666	4.27
779.854	2.22
780.043	26.79
780.231	61.61
780.419	28.84
780.607	12.46
780.795	-34.64
780.983	-8.02
781.17	123.05
781.358	18.6
781.546	59.56
781.734	10.41
781.922	-40.79
782.11	-10.07
782.298	-16.21
782.486	45.23
782.674	65.71
782.861	32.94
783.049	6.31
783.237	30.89
783.425	-1.88
783.612	49.32
783.8	37.03
783.988	-16.21
784.176	4.27
784.363	14.51
784.551	67.75
784.739	49.32
784.926	-8.02
785.114	-8.02
785.301	30.89
785.489	71.85
785.677	30.89
785.864	-24.4
786.052	-1.88
786.239	10.41
786.427	67.75
786.614	-40.79
786.802	39.08
786.989	-3.93
787.177	49.32
787.364	57.51
787.551	96.43
787.739	90.28
787.926	104.62
788.114	16.55
788.301	65.71
788.488	82.09
788.676	39.08
788.863	14.51
789.05	28.84
789.238	6.31
789.425	53.42
789.612	-22.36
789.799	6.31
789.986	49.32
790.174	-28.5
790.361	-10.07
790.548	63.66
790.735	-10.07
790.922	30.89
791.109	24.75
791.296	41.13
791.484	63.66
791.671	43.18
791.858	41.13
792.045	-18.26
792.232	0.17
792.419	8.36
792.606	32.94
792.793	57.51
792.98	-1.88
793.167	4.27
793.353	0.17
793.54	30.89
793.727	-12.12
793.914	2.22
794.101	41.13
794.288	12.46
794.475	16.55
794.662	57.51
794.848	-1.88
795.035	59.56
795.222	6.31
795.409	-24.4
795.595	12.46
795.782	34.99
795.969	51.37
796.155	77.99
796.342	-20.31
796.529	39.08
796.715	20.65
796.902	73.9
797.089	6.31
797.275	41.13
797.462	-16.21
797.648	67.75
797.835	-8.02
798.021	32.94
798.208	65.71
798.394	26.79
798.581	2.22
798.767	34.99
798.954	-8.02
799.14	-5.97
799.327	-51.03
799.513	18.6
799.699	65.71
799.886	-16.21
800.072	32.94
800.258	20.65
800.445	80.04
800.631	0.17
800.817	106.67
801.004	32.94
801.19	10.41
801.376	39.08
801.562	41.13
801.749	61.61
801.935	8.36
802.121	45.23
802.307	16.55
802.493	-46.93
802.679	-1.88
802.866	12.46
803.052	57.51
803.238	32.94
803.424	39.08
803.61	10.41
803.796	45.23
803.982	12.46
804.168	53.42
804.354	-26.45
804.54	53.42
804.726	59.56
804.912	80.04
805.098	121
805.283	73.9
805.469	100.52
805.655	133.29
805.841	88.23
806.027	121
806.213	55.47
806.399	125.1
806.584	135.34
806.77	170.15
806.956	121
807.142	192.68
807.327	215.21
807.513	143.53
807.699	194.73
807.884	172.2
808.07	155.82
808.256	188.58
808.441	225.45
808.627	204.97
808.813	223.4
808.998	223.4
809.184	164.01
809.369	168.1
809.555	209.06
809.74	254.12
809.926	217.26
810.111	186.54
810.297	256.17
810.482	180.39
810.668	192.68
810.853	180.39
811.039	274.6
811.224	186.54
811.409	194.73
811.595	174.25
811.78	223.4
811.965	243.88
812.151	192.68
812.336	241.83
812.521	172.2
812.706	180.39
812.892	217.26
813.077	247.97
813.262	194.73
813.447	172.2
813.633	198.82
813.818	211.11
814.003	204.97
814.188	221.35
814.373	22.7
814.558	96.43
814.743	145.58
814.928	90.28
815.113	57.51
815.298	69.8
815.483	159.91
815.668	75.95
815.853	69.8
816.038	26.79
816.223	45.23
816.408	65.71
816.593	30.89
816.778	8.36
816.963	32.94
817.148	18.6
817.333	22.7
817.518	51.37
817.702	53.42
817.887	41.13
818.072	-10.07
818.257	84.14
818.442	32.94
818.626	59.56
818.811	86.19
818.996	18.6
819.18	14.51
819.365	10.41
819.55	86.19
819.734	57.51
819.919	55.47
820.104	37.03
820.288	37.03
820.473	71.85
820.657	47.27
820.842	65.71
821.026	133.29
821.211	75.95
821.396	67.75
821.58	-36.69
821.764	77.99
821.949	39.08
822.133	4.27
822.318	47.27
822.502	94.38
822.687	-32.6
822.871	43.18
823.055	34.99
823.24	61.61
823.424	73.9
823.608	24.75
823.793	41.13
823.977	65.71
824.161	45.23
824.345	67.75
824.53	22.7
824.714	55.47
824.898	121
825.082	53.42
825.266	104.62
825.45	59.56
825.635	26.79
825.819	100.52
826.003	41.13
826.187	14.51
826.371	67.75
826.555	84.14
826.739	14.51
826.923	41.13
827.107	61.61
827.291	51.37
827.475	129.19
827.659	82.09
827.843	92.33
828.027	14.51
828.211	20.65
828.395	49.32
828.578	55.47
828.762	94.38
828.946	170.15
829.13	73.9
829.314	84.14
829.498	106.67
829.681	65.71
829.865	47.27
830.049	16.55
830.233	24.75
830.416	104.62
830.6	108.71
830.784	57.51
830.967	82.09
831.151	34.99
831.335	88.23
831.518	96.43
831.702	26.79
831.885	63.66
832.069	129.19
832.252	6.31
832.436	98.47
832.619	65.71
832.803	69.8
832.986	34.99
833.17	22.7
833.353	22.7
833.537	77.99
833.72	164.01
833.904	61.61
834.087	28.84
834.27	32.94
834.454	49.32
834.637	16.55
834.82	10.41
835.004	0.17
835.187	39.08
835.37	14.51
835.553	77.99
835.737	0.17
835.92	-14.17
836.103	24.75
836.286	-16.21
836.469	71.85
836.653	84.14
836.836	14.51
837.019	14.51
837.202	20.65
837.385	22.7
837.568	20.65
837.751	28.84
837.934	116.9
838.117	32.94
838.3	77.99
838.483	0.17
838.666	86.19
838.849	37.03
839.032	39.08
839.215	90.28
839.398	-3.93
839.581	110.76
839.764	2.22
839.947	16.55
840.129	-8.02
840.312	24.75
840.495	49.32
840.678	16.55
840.861	16.55
841.043	45.23
841.226	-14.17
841.409	-3.93
841.592	-28.5
841.774	28.84
841.957	39.08
842.14	12.46
842.322	69.8
842.505	-44.88
842.687	49.32
842.87	-16.21
843.053	24.75
843.235	20.65
843.418	51.37
843.6	12.46
843.783	39.08
843.965	82.09
844.148	-75.6
844.33	53.42
844.513	26.79
844.695	47.27
844.878	94.38
845.06	32.94
845.242	30.89
845.425	49.32
845.607	16.55
845.789	49.32
845.972	-32.6
846.154	16.55
846.336	6.31
846.519	-32.6
846.701	12.46
846.883	24.75
847.065	57.51
847.247	49.32
847.43	37.03
847.612	-16.21
847.794	59.56
847.976	82.09
848.158	73.9
848.34	-59.22
848.522	-1.88
848.704	71.85
848.886	-48.98
849.069	-10.07
849.251	20.65
849.433	43.18
849.615	73.9
849.797	82.09
849.978	69.8
850.16	24.75
850.342	47.27
850.524	37.03
850.706	63.66
850.888	49.32
851.07	69.8
851.252	22.7
851.434	6.31
851.615	32.94
851.797	57.51
851.979	28.84
852.161	65.71
852.342	-22.36
852.524	34.99
852.706	49.32
852.887	0.17
853.069	45.23
853.251	-38.74
853.432	14.51
853.614	59.56
853.796	10.41
853.977	41.13
854.159	65.71
854.34	-10.07
854.522	69.8
854.703	34.99
854.885	-8.02
855.066	30.89
855.248	-26.45
855.429	6.31
855.611	45.23
855.792	47.27
855.974	37.03
856.155	10.41
856.336	8.36
856.518	71.85
856.699	-1.88
856.881	41.13
857.062	26.79
857.243	37.03
857.424	-36.69
857.606	49.32
857.787	-61.27
857.968	2.22
858.149	-1.88
858.331	80.04
858.512	18.6
858.693	32.94
858.874	-22.36
859.055	2.22
859.236	71.85
859.417	71.85
859.598	57.51
859.779	20.65
859.961	8.36
860.142	18.6
860.323	-1.88
860.504	63.66
860.685	41.13
860.865	18.6
861.046	63.66
861.227	0.17
861.408	-24.4
861.589	49.32
861.77	112.81
861.951	63.66
862.132	69.8
862.313	-44.88
862.493	24.75
862.674	-34.64
862.855	0.17
863.036	-57.17
863.216	34.99
863.397	20.65
863.578	6.31
863.759	34.99
863.939	28.84
864.12	-34.64
864.301	32.94
864.481	-48.98
864.662	61.61
864.842	-18.26
865.023	-16.21
865.204	34.99
865.384	-40.79
865.565	57.51
865.745	-10.07
865.926	16.55
866.106	37.03
866.287	30.89
866.467	47.27
866.648	43.18
866.828	24.75
867.008	67.75
867.189	57.51
867.369	80.04
867.549	12.46
867.73	0.17
867.91	59.56
868.09	65.71
868.271	63.66
868.451	86.19
868.631	39.08
868.811	43.18
868.992	-12.12
869.172	71.85
869.352	88.23
869.532	34.99
869.712	55.47
869.892	55.47
870.073	53.42
870.253	108.71
870.433	71.85
870.613	22.7
870.793	73.9
870.973	24.75
871.153	57.51
871.333	118.95
871.513	14.51
871.693	73.9
871.873	75.95
872.053	65.71
872.233	106.67
872.412	49.32
872.592	4.27
872.772	14.51
872.952	114.86
873.132	32.94
873.312	98.47
873.492	92.33
873.671	129.19
873.851	69.8
874.031	112.81
874.211	104.62
874.39	84.14
874.57	34.99
874.75	88.23
874.929	-30.55
875.109	102.57
875.289	-20.31
875.468	84.14
875.648	39.08
875.827	53.42
876.007	94.38
876.186	129.19
876.366	14.51
876.545	75.95
876.725	71.85
876.904	43.18
877.084	108.71
877.263	106.67
877.443	106.67
877.622	22.7
877.802	49.32
877.981	82.09
878.16	100.52
878.34	100.52
878.519	73.9
878.698	63.66
878.878	69.8
879.057	45.23
879.236	47.27
879.415	86.19
879.595	69.8
879.774	67.75
879.953	71.85
880.132	6.31
880.311	80.04
880.49	75.95
880.67	73.9
880.849	63.66
881.028	10.41
881.207	16.55
881.386	59.56
881.565	59.56
881.744	14.51
881.923	2.22
882.102	6.31
882.281	47.27
882.46	51.37
882.639	32.94
882.818	-3.93
882.997	12.46
883.176	45.23
883.354	51.37
883.533	53.42
883.712	-18.26
883.891	26.79
884.07	6.31
884.249	26.79
884.427	20.65
884.606	12.46
884.785	8.36
884.964	4.27
885.142	8.36
885.321	-28.5
885.5	49.32
885.678	-36.69
885.857	28.84
886.036	22.7
886.214	32.94
886.393	6.31
886.571	51.37
886.75	16.55
886.928	57.51
887.107	8.36
887.285	57.51
887.464	0.17
887.642	14.51
887.821	28.84
887.999	28.84
888.178	26.79
888.356	32.94
888.534	-16.21
888.713	71.85
888.891	69.8
889.07	-42.84
889.248	30.89
889.426	-38.74
889.604	22.7
889.783	-24.4
889.961	39.08
890.139	-26.45
890.317	34.99
890.496	32.94
890.674	49.32
890.852	10.41
891.03	24.75
891.208	30.89
891.386	39.08
891.564	45.23
891.742	51.37
891.921	-18.26
892.099	37.03
892.277	51.37
892.455	8.36
892.633	20.65
892.811	39.08
892.989	-12.12
893.167	39.08
893.344	-20.31
893.522	12.46
893.7	12.46
893.878	45.23
894.056	-10.07
894.234	30.89
894.412	47.27
894.589	32.94
894.767	59.56
894.945	127.14
895.123	86.19
895.301	106.67
895.478	80.04
895.656	14.51
895.834	4.27
896.011	57.51
896.189	49.32
896.367	-53.08
896.544	34.99
896.722	59.56
896.899	-36.69
897.077	26.79
897.255	77.99
897.432	114.86
897.61	-38.74
897.787	12.46
897.965	-30.55
898.142	-44.88
898.32	47.27
898.497	34.99
898.674	18.6
898.852	4.27
899.029	80.04
899.207	49.32
899.384	53.42
899.561	28.84
899.739	-38.74
899.916	0.17
900.093	-26.45
900.27	73.9
900.448	45.23
900.625	47.27
900.802	-22.36
900.979	32.94
901.156	-34.64
901.334	96.43
901.511	30.89
901.688	28.84
901.865	82.09
902.042	-1.88
902.219	18.6
902.396	-3.93
902.573	12.46
902.75	-3.93
902.927	6.31
903.104	-26.45
903.281	69.8
903.458	-14.17
903.635	10.41
903.812	18.6
903.989	30.89
904.166	12.46
904.343	45.23
904.52	26.79
904.696	-3.93
904.873	-22.36
905.05	47.27
905.227	45.23
905.404	0.17
905.58	24.75
905.757	47.27
905.934	-48.98
906.111	-57.17
906.287	-14.17
906.464	14.51
906.641	0.17
906.817	24.75
906.994	41.13
907.17	24.75
907.347	34.99
907.524	-3.93
907.7	-42.84
907.877	20.65
908.053	-5.97
908.23	88.23
908.406	18.6
908.583	20.65
908.759	14.51
908.935	-12.12
909.112	-8.02
909.288	28.84
909.465	-22.36
909.641	6.31
909.817	39.08
909.994	-8.02
910.17	55.47
910.346	-24.4
910.523	39.08
910.699	22.7
910.875	0.17
911.051	-16.21
911.228	4.27
911.404	61.61
911.58	20.65
911.756	30.89
911.932	-1.88
912.108	41.13
912.284	75.95
912.46	49.32
912.637	-34.64
912.813	18.6
912.989	28.84
913.165	-10.07
913.341	45.23
913.517	47.27
913.693	30.89
913.869	51.37
914.044	18.6
914.22	16.55
914.396	63.66
914.572	41.13
914.748	18.6
914.924	20.65
915.1	26.79
915.276	82.09
915.451	24.75
915.627	-8.02
915.803	2.22
915.979	20.65
916.154	12.46
916.33	32.94
916.506	2.22
916.681	24.75
916.857	43.18
917.033	-20.31
917.208	8.36
917.384	-24.4
917.56	26.79
917.735	41.13
917.911	6.31
918.086	39.08
918.262	37.03
918.437	22.7
918.613	80.04
918.788	20.65
918.964	45.23
919.139	18.6
919.314	47.27
919.49	-10.07
919.665	34.99
919.841	2.22
920.016	43.18
920.191	30.89
920.367	43.18
920.542	-5.97
920.717	-12.12
920.892	-51.03
921.068	20.65
921.243	-3.93
921.418	-36.69
921.593	30.89
921.769	30.89
921.944	-30.55
922.119	71.85
922.294	57.51
922.469	8.36
922.644	32.94
922.819	-28.5
922.994	30.89
923.169	14.51
923.344	49.32
923.519	18.6
923.694	49.32
923.869	30.89
924.044	-40.79
924.219	-48.98
924.394	-14.17
924.569	30.89
924.744	77.99
924.919	37.03
925.094	100.52
925.268	28.84
925.443	102.57
925.618	41.13
925.793	57.51
925.968	14.51
926.142	55.47
926.317	26.79
926.492	26.79
926.666	-38.74
926.841	6.31
927.016	-12.12
927.19	-71.51
927.365	88.23
927.54	-1.88
927.714	14.51
927.889	-38.74
928.063	4.27
928.238	26.79
928.412	-44.88
928.587	6.31
928.761	22.7
928.936	2.22
929.11	55.47
929.285	6.31
929.459	47.27
929.634	-24.4
929.808	2.22
929.982	-38.74
930.157	-14.17
930.331	-63.32
930.505	28.84
930.68	-26.45
930.854	47.27
931.028	57.51
931.202	-34.64
931.377	63.66
931.551	22.7
931.725	22.7
931.899	-1.88
932.073	34.99
932.247	26.79
932.422	0.17
932.596	12.46
932.77	51.37
932.944	2.22
933.118	-12.12
933.292	30.89
933.466	34.99
933.64	18.6
933.814	32.94
933.988	49.32
934.162	69.8
934.336	-18.26
934.51	24.75
934.683	-22.36
934.857	55.47
935.031	0.17
935.205	43.18
935.379	86.19
935.553	55.47
935.726	41.13
935.9	77.99
936.074	26.79
936.248	10.41
936.421	28.84
936.595	26.79
936.769	8.36
936.943	37.03
937.116	43.18
937.29	34.99
937.463	71.85
937.637	41.13
937.811	123.05
937.984	34.99
938.158	32.94
938.331	8.36
938.505	16.55
938.678	71.85
938.852	69.8
939.025	12.46
939.199	-42.84
939.372	-44.88
939.545	12.46
939.719	-38.74
939.892	-1.88
940.066	12.46
940.239	-1.88
940.412	47.27
940.586	84.14
940.759	16.55
940.932	-16.21
941.105	26.79
941.279	-36.69
941.452	-10.07
941.625	28.84
941.798	37.03
941.971	-22.36
942.144	90.28
942.318	-24.4
942.491	-77.65
942.664	-22.36
942.837	51.37
943.01	18.6
943.183	-16.21
943.356	0.17
943.529	16.55
943.702	-5.97
943.875	22.7
944.048	18.6
944.221	-24.4
944.394	110.76
944.567	65.71
944.74	86.19
944.912	10.41
945.085	-51.03
945.258	-10.07
945.431	22.7
945.604	2.22
945.776	14.51
945.949	8.36
946.122	-14.17
946.295	0.17
946.467	65.71
946.64	34.99
946.813	-26.45
946.985	-16.21
947.158	39.08
947.331	34.99
947.503	-22.36
947.676	-34.64
947.848	-20.31
948.021	63.66
948.194	2.22
948.366	30.89
948.539	-24.4
948.711	-20.31
948.883	-16.21
949.056	4.27
949.228	-48.98
949.401	-53.08
949.573	32.94
949.746	-34.64
949.918	-8.02
950.09	-22.36
950.263	14.51
950.435	-1.88
950.607	-20.31
950.779	-32.6
950.952	2.22
951.124	-59.22
951.296	41.13
951.468	39.08
951.64	71.85
951.813	6.31
951.985	-16.21
952.157	-30.55
952.329	65.71
952.501	-34.64
952.673	34.99
952.845	-24.4
953.017	47.27
953.189	24.75
953.361	53.42
953.533	-12.12
953.705	22.7
953.877	0.17
954.049	-28.5
954.221	-18.26
954.393	12.46
954.565	16.55
954.737	-34.64
954.909	-3.93
955.08	18.6
955.252	8.36
955.424	32.94
955.596	39.08
955.768	0.17
955.939	4.27
956.111	-12.12
956.283	-24.4
956.454	63.66
956.626	8.36
956.798	34.99
956.969	-65.36
957.141	41.13
957.313	-8.02
957.484	47.27
957.656	18.6
957.827	53.42
957.999	-18.26
958.17	55.47
958.342	22.7
958.513	-24.4
958.685	47.27
958.856	16.55
959.028	-36.69
959.199	39.08
959.37	-44.88
959.542	65.71
959.713	41.13
959.884	86.19
960.056	-3.93
960.227	45.23
960.398	8.36
960.57	69.8
960.741	49.32
960.912	-12.12
961.083	59.56
961.254	39.08
961.426	-20.31
961.597	37.03
961.768	6.31
961.939	-18.26
962.11	-63.32
962.281	32.94
962.452	-38.74
962.623	55.47
962.794	20.65
962.965	47.27
963.136	77.99
963.307	14.51
963.478	37.03
963.649	-8.02
963.82	34.99
963.991	6.31
964.162	30.89
964.333	-8.02
964.504	-16.21
964.675	28.84
964.845	8.36
965.016	-24.4
965.187	30.89
965.358	-32.6
965.529	32.94
965.699	-12.12
965.87	-18.26
966.041	55.47
966.211	41.13
966.382	28.84
966.553	-20.31
966.723	14.51
966.894	4.27
967.065	53.42
967.235	47.27
967.406	39.08
967.576	-53.08
967.747	32.94
967.917	6.31
968.088	14.51
968.258	55.47
968.429	0.17
968.599	-8.02
968.769	30.89
968.94	-22.36
969.11	41.13
969.281	92.33
969.451	61.61
969.621	-40.79
969.792	0.17
969.962	-48.98
970.132	-8.02
970.302	-26.45
970.473	47.27
970.643	18.6
970.813	6.31
970.983	-10.07
971.153	-32.6
971.324	6.31
971.494	-16.21
971.664	26.79
971.834	37.03
972.004	41.13
972.174	37.03
972.344	-12.12
972.514	8.36
972.684	22.7
972.854	34.99
973.024	30.89
973.194	71.85
973.364	30.89
973.534	86.19
973.704	2.22
973.874	26.79
974.043	63.66
974.213	22.7
974.383	-14.17
974.553	-48.98
974.723	71.85
974.893	75.95
975.062	16.55
975.232	59.56
975.402	6.31
975.571	-1.88
975.741	16.55
975.911	22.7
976.08	55.47
976.25	47.27
976.42	18.6
976.589	-75.6
976.759	32.94
976.928	77.99
977.098	-30.55
977.267	-40.79
977.437	10.41
977.606	28.84
977.776	53.42
977.945	-28.5
978.115	34.99
978.284	-3.93
978.454	-3.93
978.623	47.27
978.792	-3.93
978.962	6.31
979.131	45.23
979.3	53.42
979.47	-10.07
979.639	-30.55
979.808	4.27
979.977	-12.12
980.147	-67.41
980.316	24.75
980.485	16.55
980.654	82.09
980.823	12.46
980.992	71.85
981.162	-10.07
981.331	24.75
981.5	22.7
981.669	20.65
981.838	-5.97
982.007	-65.36
982.176	-36.69
982.345	24.75
982.514	24.75
982.683	49.32
982.852	-18.26
983.021	37.03
983.19	-10.07
983.358	51.37
983.527	8.36
983.696	-36.69
983.865	-30.55
984.034	4.27
984.203	-24.4
984.371	45.23
984.54	51.37
984.709	49.32
984.878	22.7
985.046	53.42
985.215	-12.12
985.384	-24.4
985.552	28.84
985.721	8.36
985.889	71.85
986.058	14.51
986.227	16.55
986.395	47.27
986.564	63.66
986.732	55.47
986.901	14.51
987.069	39.08
987.238	20.65
987.406	-26.45
987.575	-28.5
987.743	4.27
987.911	65.71
988.08	26.79
988.248	-30.55
988.416	4.27
988.585	28.84
988.753	92.33
988.921	22.7
989.09	20.65
989.258	24.75
989.426	0.17
989.594	-67.41
989.763	51.37
989.931	26.79
990.099	4.27
990.267	41.13
990.435	-8.02
990.603	45.23
990.771	-28.5
990.939	41.13
991.107	-5.97
991.275	-71.51
991.443	22.7
991.611	10.41
991.779	104.62
991.947	39.08
992.115	-55.12
992.283	55.47
992.451	-30.55
992.619	24.75
992.787	65.71
992.955	-24.4
993.123	39.08
993.29	0.17
993.458	45.23
993.626	14.51
993.794	-3.93
993.962	-10.07
994.129	59.56
994.297	-3.93
994.465	-3.93
994.632	45.23
994.8	34.99
994.968	57.51
995.135	-36.69
995.303	14.51
995.47	14.51
995.638	0.17
995.806	16.55
995.973	0.17
996.141	-1.88
996.308	18.6
996.476	41.13
996.643	67.75
996.81	-14.17
996.978	90.28
997.145	-40.79
997.313	51.37
997.48	86.19
997.647	4.27
997.815	-3.93
997.982	20.65
998.149	22.7
998.317	-32.6
998.484	12.46
998.651	-8.02
998.818	45.23
998.986	86.19
999.153	8.36
999.32	-12.12
999.487	-1.88
999.654	-22.36
999.821	32.94
999.988	34.99
1000.155	0.17
1000.323	-28.5
1000.49	-36.69
1000.657	12.46
1000.824	-32.6
1000.991	14.51
1001.158	-8.02
1001.324	-24.4
1001.491	41.13
1001.658	-3.93
1001.825	14.51
1001.992	2.22
1002.159	92.33
1002.326	-46.93
1002.493	32.94
1002.659	34.99
1002.826	6.31
1002.993	-1.88
1003.16	55.47
1003.326	20.65
1003.493	12.46
1003.66	-38.74
1003.827	41.13
1003.993	-14.17
1004.16	30.89
1004.326	-5.97
1004.493	51.37
1004.66	-42.84
1004.826	100.52
1004.993	10.41
1005.159	-53.08
1005.326	-1.88
1005.492	-32.6
1005.659	22.7
1005.825	-3.93
1005.992	18.6
1006.158	-44.88
1006.325	67.75
1006.491	30.89
1006.657	0.17
1006.824	24.75
1006.99	28.84
1007.156	30.89
1007.323	6.31
1007.489	-3.93
1007.655	-57.17
1007.821	0.17
1007.988	8.36
1008.154	14.51
1008.32	26.79
1008.486	45.23
1008.652	82.09
1008.818	82.09
1008.985	-42.84
1009.151	14.51
1009.317	-12.12
1009.483	18.6
1009.649	6.31
1009.815	34.99
1009.981	90.28
1010.147	53.42
1010.313	-20.31
1010.479	47.27
1010.645	55.47
1010.811	-14.17
1010.976	8.36
1011.142	26.79
1011.308	8.36
1011.474	-65.36
1011.64	-16.21
1011.806	-3.93
1011.971	-32.6
1012.137	20.65
1012.303	-24.4
1012.469	43.18
1012.634	-16.21
1012.8	-5.97
1012.966	37.03
1013.131	8.36
1013.297	-34.64
1013.463	69.8
1013.628	-20.31
1013.794	-24.4
1013.959	94.38
1014.125	37.03
1014.291	-40.79
1014.456	0.17
1014.622	-5.97
1014.787	43.18
1014.952	53.42
1015.118	39.08
1015.283	6.31
1015.449	16.55
1015.614	24.75
1015.779	18.6
1015.945	-40.79
1016.11	22.7
1016.275	-3.93
1016.441	-8.02
1016.606	53.42
1016.771	14.51
1016.937	53.42
1017.102	12.46
1017.267	14.51
1017.432	65.71
1017.597	-28.5
1017.762	41.13
1017.928	12.46
1018.093	2.22
1018.258	0.17
1018.423	-20.31
1018.588	16.55
1018.753	14.51
1018.918	22.7
1019.083	32.94
1019.248	-22.36
1019.413	30.89
1019.578	18.6
1019.743	-53.08
1019.908	26.79
1020.073	69.8
1020.237	-26.45
1020.402	20.65
1020.567	41.13
1020.732	-14.17
1020.897	20.65
1021.062	41.13
1021.226	30.89
1021.391	-5.97
1021.556	-40.79
1021.72	-3.93
1021.885	-46.93
1022.05	2.22
1022.214	20.65
1022.379	28.84
1022.544	39.08
1022.708	41.13
1022.873	30.89
1023.037	39.08
1023.202	18.6
1023.366	-51.03
1023.531	51.37
1023.695	4.27
1023.86	63.66
1024.024	67.75
1024.189	-24.4
1024.353	20.65
1024.518	12.46
1024.682	20.65
1024.846	-1.88
1025.011	-44.88
1025.175	-73.56
1025.339	-30.55
1025.504	24.75
1025.668	51.37
1025.832	2.22
1025.996	6.31
1026.161	43.18
1026.325	16.55
1026.489	0.17
1026.653	-1.88
1026.817	-44.88
1026.981	20.65
1027.145	0.17
1027.309	-32.6
1027.474	41.13
1027.638	14.51
1027.802	34.99
1027.966	24.75
1028.13	18.6
1028.294	59.56
1028.458	55.47
1028.621	-18.26
1028.785	-10.07
1028.949	-53.08
1029.113	16.55
1029.277	4.27
1029.441	-38.74
1029.605	-20.31
1029.768	-24.4
1029.932	22.7
1030.096	43.18
1030.26	45.23
1030.423	-44.88
1030.587	8.36
1030.751	-16.21
1030.915	-24.4
1031.078	-1.88
1031.242	12.46
1031.405	-18.26
1031.569	45.23
1031.733	-16.21
1031.896	-26.45
1032.06	22.7
1032.223	18.6
1032.387	47.27
1032.55	-1.88
1032.714	41.13
1032.877	20.65
1033.041	-34.64
1033.204	16.55
1033.367	8.36
1033.531	22.7
1033.694	6.31
1033.858	-36.69
1034.021	34.99
1034.184	32.94
1034.347	20.65
1034.511	8.36
1034.674	4.27
1034.837	-53.08
1035	-24.4
1035.164	-10.07
1035.327	-24.4
1035.49	-1.88
1035.653	18.6
1035.816	-26.45
1035.979	14.51
1036.142	4.27
1036.305	16.55
1036.468	53.42
1036.631	8.36
1036.794	10.41
1036.957	-42.84
1037.12	-10.07
1037.283	47.27
1037.446	61.61
1037.609	-24.4
1037.772	-44.88
1037.935	10.41
1038.098	-3.93
1038.261	-40.79
1038.424	41.13
1038.586	12.46
1038.749	39.08
1038.912	39.08
1039.075	4.27
1039.237	-8.02
1039.4	-42.84
1039.563	41.13
1039.725	-1.88
1039.888	-28.5
1040.051	18.6
1040.213	-26.45
1040.376	16.55
1040.539	61.61
1040.701	104.62
1040.864	-14.17
1041.026	18.6
1041.189	39.08
1041.351	-5.97
1041.514	-71.51
1041.676	16.55
1041.838	30.89
1042.001	26.79
1042.163	39.08
1042.326	-36.69
1042.488	16.55
1042.65	-3.93
1042.813	53.42
1042.975	32.94
1043.137	22.7
1043.3	28.84
1043.462	-18.26
1043.624	12.46
1043.786	-51.03
1043.948	32.94
1044.111	45.23
1044.273	-42.84
1044.435	55.47
1044.597	-3.93
1044.759	37.03
1044.921	-8.02
1045.083	26.79
